    0.000000000E+00   -7.998773450E+11    0.000000000E+00    0.000000000E+00    5.265948400E+02
    1.123589704E+08   -7.976745433E+11    5.446061565E+01    6.082205975E+10    5.269575497E+02
    2.247179408E+08   -7.905491613E+11    8.650472444E+01    1.194574620E+11    5.047735068E+02
    3.370769112E+08   -7.802529953E+11    1.161017572E+02    1.777626188E+11    5.194693244E+02
    4.494358816E+08   -7.649345092E+11    1.705440310E+02    2.387704590E+11    5.367215846E+02
    5.617948520E+08   -7.435176854E+11    2.210857931E+02    2.999964925E+11    5.262887898E+02
    6.741538223E+08   -7.170930729E+11    2.644006218E+02    3.603091588E+11    5.254579801E+02
    7.865127927E+08   -6.845128420E+11    3.281317129E+02    4.218268743E+11    5.369760849E+02
    8.988717631E+08   -6.438440752E+11    4.015879969E+02    4.838842979E+11    5.281328072E+02
    1.011230734E+09   -5.953525123E+11    4.685564973E+02    5.441925018E+11    5.074979314E+02
    1.123589704E+09   -5.386674151E+11    5.468289085E+02    6.026592027E+11    4.898571911E+02
    1.235948674E+09   -4.718409419E+11    6.398202809E+02    6.587450581E+11    4.556193556E+02
    1.348307645E+09   -3.945115325E+11    7.274483384E+02    7.097813195E+11    3.962257647E+02
    1.460666615E+09   -3.074070212E+11    8.109090807E+02    7.535965059E+11    3.234447126E+02
    1.573025585E+09   -2.100956759E+11    8.984238503E+02    7.885195727E+11    2.312235011E+02
    1.685384556E+09   -1.028287037E+11    9.733181168E+02    8.115847801E+11    1.087340146E+02
    1.797743526E+09    1.191224254E+10    1.021091096E+03    8.197165974E+11   -3.507532659E+01
    1.910102497E+09    1.313447838E+11    1.045061917E+03    8.108759409E+11   -1.931153652E+02
    2.022461467E+09    2.526748354E+11    1.037598503E+03    7.831407849E+11   -3.666066258E+02
    2.134820437E+09    3.712550103E+11    9.817263976E+02    7.352658703E+11   -5.414457568E+02
    2.247179408E+09    4.813060510E+11    8.779362573E+02    6.682891951E+11   -6.945474968E+02
    2.359538378E+09    5.777348541E+11    7.339981370E+02    5.852911437E+11   -8.107143200E+02
    2.471897349E+09    6.556771827E+11    5.492999219E+02    4.914600099E+11   -8.660886496E+02
    2.584256319E+09    7.102399633E+11    3.305595878E+02    3.960977742E+11   -8.173394209E+02
    2.696615289E+09    7.377940847E+11    9.337769693E+01    3.140310601E+11   -6.129817586E+02
    2.808974260E+09    7.360938914E+11   -1.527808151E+02    2.665816209E+11   -1.948374154E+02
    2.921333230E+09    7.055116832E+11   -3.701639479E+02    2.786594301E+11    4.005228637E+02
    3.033692201E+09    6.557492856E+11   -5.206955940E+02    3.479565165E+11    7.922054118E+02
    3.146051171E+09    5.971590180E+11   -6.573003746E+02    4.339988272E+11    7.858869493E+02
    3.258410141E+09    5.182531789E+11   -8.849554227E+02    5.182690994E+11    7.770887060E+02
    3.370769112E+09    4.210850165E+11   -1.040888974E+03    5.975970824E+11    6.591425315E+02
    3.483128082E+09    3.121427798E+11   -1.124294813E+03    6.615701237E+11    4.673817497E+02
    3.595487053E+09    1.947770651E+11   -1.174300539E+03    7.057606189E+11    2.726926327E+02
    3.707846023E+09    7.481506771E+10   -1.153479403E+03    7.301644253E+11    7.723124560E+01
    3.820204993E+09   -4.269864679E+10   -1.098176056E+03    7.348045655E+11   -9.696019313E+01
    3.932563964E+09   -1.541682989E+11   -1.012741575E+03    7.220889441E+11   -2.423683241E+02
    4.044922934E+09   -2.568411489E+11   -9.107699330E+02    6.947989229E+11   -3.575487196E+02
    4.157281904E+09   -3.492320427E+11   -8.029081528E+02    6.558923631E+11   -4.443193513E+02
    4.269640875E+09   -4.307404660E+11   -6.951822277E+02    6.082026495E+11   -5.061077797E+02
    4.381999845E+09   -5.013807469E+11   -5.923022818E+02    5.541795463E+11   -5.476746657E+02
    4.494358816E+09   -5.616196327E+11   -4.968519071E+02    4.958251855E+11   -5.735557403E+02
    4.606717786E+09   -6.121619427E+11   -4.097569960E+02    4.347078480E+11   -5.877585884E+02
    4.719076756E+09   -6.538091362E+11   -3.310936988E+02    3.719880784E+11   -5.938625549E+02
    4.831435727E+09   -6.873720894E+11   -2.602681500E+02    3.084735393E+11   -5.947416072E+02
    4.943794697E+09   -7.135996228E+11   -1.962309422E+02    2.446888373E+11   -5.926081363E+02
    5.056153668E+09   -7.331344236E+11   -1.377156919E+02    1.809343311E+11   -5.891722870E+02
    5.168512638E+09   -7.464901852E+11   -8.333509564E+01    1.173404406E+11   -5.856464616E+02
    5.280871608E+09   -7.540367589E+11   -3.163300667E+01    5.392013298E+10   -5.827999617E+02
    5.393230579E+09   -7.559921643E+11    1.886616767E+01   -9.386773548E+09   -5.810412028E+02
    5.505589549E+09   -7.524203605E+11    6.963352624E+01   -7.267378504E+10   -5.804276992E+02
    5.617948520E+09   -7.432314371E+11    1.221253151E+02   -1.360282390E+11   -5.806652072E+02
    5.730307490E+09   -7.281839098E+11    1.777646756E+02   -1.994924645E+11   -5.811060331E+02
    5.842666460E+09   -7.068906350E+11    2.379078561E+02   -2.630233693E+11   -5.807118767E+02
    5.955025431E+09   -6.788298430E+11    3.037895157E+02   -3.264477778E+11   -5.780016656E+02
    6.067384401E+09   -6.433640182E+11    3.764329147E+02   -3.894132160E+11   -5.709994728E+02
    6.179743372E+09   -5.997710951E+11    4.565093423E+02   -4.513343232E+11   -5.571826274E+02
    6.292102342E+09   -5.472933112E+11    5.441374922E+02   -5.113364240E+11   -5.334550880E+02
    6.404461312E+09   -4.852096428E+11    6.386153284E+02   -5.682011196E+11   -4.961821064E+02
    6.516820283E+09   -4.129378243E+11    7.380853352E+02   -6.203225479E+11   -4.413287581E+02
    6.629179253E+09   -3.301700139E+11    8.391588396E+02   -6.656877874E+11   -3.647640247E+02
    6.741538223E+09   -2.370413335E+11    9.365603852E+02   -7.019006881E+11   -2.628009852E+02
    6.853897194E+09   -1.343218966E+11    1.022903271E+03   -7.262734860E+11   -1.330352255E+02
    6.966256164E+09   -2.360965233E+10    1.088771709E+03   -7.360128946E+11    2.448971389E+01
    7.078615135E+09    9.251593245E+10    1.123342039E+03   -7.285243750E+11    2.058361109E+02
    7.190974105E+09    2.104378453E+11    1.115794677E+03   -7.018476065E+11    4.016056369E+02
    7.303333075E+09    3.256165404E+11    1.057707472E+03   -6.552186532E+11    5.955288822E+02
    7.415692046E+09    4.329548009E+11    9.464392808E+02   -5.897380091E+11    7.634987984E+02
    7.528051016E+09    5.274829354E+11    7.891955131E+02   -5.091304927E+11    8.730345270E+02
    7.640409987E+09    6.054062829E+11    6.069093010E+02   -4.206593510E+11    8.822688753E+02
    7.752768957E+09    6.654365559E+11    4.349528398E+02   -3.364749895E+11    7.364674225E+02
    7.865127927E+09    7.095477948E+11    3.054728942E+02   -2.759071825E+11    3.664119348E+02
    7.977486898E+09    7.386734391E+11    1.622471884E+02   -2.669682514E+11   -2.479034098E+02
    8.089845868E+09    7.391781297E+11   -1.774940820E+02   -3.300370809E+11   -8.179235903E+02
    8.202204839E+09    6.948156585E+11   -5.683096798E+02   -4.341632455E+11   -8.854404976E+02
    8.314563809E+09    6.259918503E+11   -6.696938999E+02   -5.270226653E+11   -7.109399376E+02
    8.426922779E+09    5.496148260E+11   -7.671975867E+02   -6.105484664E+11   -7.231538093E+02
    8.539281750E+09    4.466161892E+11   -1.043268766E+03   -6.964469894E+11   -6.572625049E+02
    8.651640720E+09    3.205526431E+11   -1.124146153E+03   -7.607923182E+11   -3.580881666E+02
    8.763999691E+09    2.020828152E+11   -1.006726380E+03   -7.953818820E+11   -1.809089708E+02
    8.876358661E+09    8.635232048E+10   -1.061336143E+03   -8.172831895E+11   -1.073756047E+02
    8.988717631E+09   -4.223346878E+10   -1.119674281E+03   -8.221611019E+11    1.109290555E+02
    9.101076602E+09   -1.629623642E+11   -9.488964057E+02   -8.022706794E+11    2.947173051E+02
    9.213435572E+09   -2.625317012E+11   -8.190404813E+02   -7.714308137E+11    3.220020003E+02
    9.325794543E+09   -3.587095008E+11   -8.309613232E+02   -7.329598011E+11    4.191981120E+02
    9.438153513E+09   -4.517950332E+11   -7.231617715E+02   -6.782867440E+11    5.568082313E+02
    9.550512483E+09   -5.257762130E+11   -5.506025654E+02   -6.168387098E+11    5.537139129E+02
    9.662871454E+09   -5.867100905E+11   -5.030262538E+02   -5.571646960E+11    5.491086906E+02
    9.775230424E+09   -6.445486069E+11   -4.569973738E+02   -4.903592331E+11    6.334225547E+02
    9.887589394E+09   -6.916878324E+11   -3.281706998E+02   -4.171415804E+11    6.440786131E+02
    9.999948365E+09   -7.258771078E+11   -2.533488776E+02   -3.483595588E+11    5.931456296E+02
    1.011230734E+10   -7.551657465E+11   -2.265875980E+02   -2.801972357E+11    6.223395972E+02
    1.022466631E+10   -7.786248243E+11   -1.481956607E+02   -2.065229597E+11    6.541938404E+02
    1.033702528E+10   -7.925371869E+11   -7.312976577E+01   -1.342679604E+11    6.142517023E+02
    1.044938425E+10   -8.006757297E+11   -4.267630673E+01   -6.581083475E+10    6.036222388E+02
    1.056174322E+10   -8.043171390E+11    9.855717334E+00    5.414158143E+09    6.371993811E+02
    1.067410219E+10   -8.004031497E+11    8.179150679E+01    7.848117203E+10    6.281729099E+02
    1.078646116E+10   -7.899865875E+11    1.260905618E+02    1.487206657E+11    6.051199731E+02
    1.089882013E+10   -7.744909759E+11    1.759031591E+02    2.190162688E+11    6.220638988E+02
    1.101117910E+10   -7.513997115E+11    2.528797440E+02    2.917202391E+11    6.303660391E+02
    1.112353807E+10   -7.200192480E+11    3.204878480E+02    3.633917893E+11    6.082618831E+02
    1.123589704E+10   -6.815422208E+11    3.839558518E+02    4.331467580E+11    5.989496667E+02
