    0.000000000E+00    5.341888626E+00    1.054588863E+01
    1.884955620E-02    5.341889557E+00    1.054586103E+01
    3.769911240E-02    5.341892371E+00    1.054577827E+01
    5.654866861E-02    5.341897124E+00    1.054564041E+01
    7.539822481E-02    5.341903915E+00    1.054544752E+01
    9.424778101E-02    5.341912876E+00    1.054519975E+01
    1.130973372E-01    5.341924175E+00    1.054489726E+01
    1.319468934E-01    5.341938014E+00    1.054454023E+01
    1.507964496E-01    5.341954625E+00    1.054412888E+01
    1.696460058E-01    5.341974267E+00    1.054366347E+01
    1.884955620E-01    5.341997223E+00    1.054314425E+01
    2.073451182E-01    5.342023796E+00    1.054257150E+01
    2.261946744E-01    5.342054306E+00    1.054194550E+01
    2.450442306E-01    5.342089084E+00    1.054126655E+01
    2.638937868E-01    5.342128472E+00    1.054053494E+01
    2.827433430E-01    5.342172812E+00    1.053975095E+01
    3.015928992E-01    5.342222447E+00    1.053891486E+01
    3.204424554E-01    5.342277713E+00    1.053802693E+01
    3.392920116E-01    5.342338940E+00    1.053708739E+01
    3.581415678E-01    5.342406439E+00    1.053609645E+01
    3.769911240E-01    5.342480507E+00    1.053505429E+01
    3.958406803E-01    5.342561417E+00    1.053396106E+01
    4.146902365E-01    5.342649419E+00    1.053281685E+01
    4.335397927E-01    5.342744730E+00    1.053162173E+01
    4.523893489E-01    5.342847541E+00    1.053037571E+01
    4.712389051E-01    5.342958005E+00    1.052907875E+01
    4.900884613E-01    5.343076242E+00    1.052773077E+01
    5.089380175E-01    5.343202332E+00    1.052633162E+01
    5.277875737E-01    5.343336318E+00    1.052488112E+01
    5.466371299E-01    5.343478206E+00    1.052337901E+01
    5.654866861E-01    5.343627959E+00    1.052182501E+01
    5.843362423E-01    5.343785505E+00    1.052021876E+01
    6.031857985E-01    5.343950733E+00    1.051855986E+01
    6.220353547E-01    5.344123495E+00    1.051684787E+01
    6.408849109E-01    5.344303611E+00    1.051508229E+01
    6.597344671E-01    5.344490868E+00    1.051326259E+01
    6.785840233E-01    5.344685024E+00    1.051138821E+01
    6.974335795E-01    5.344885811E+00    1.050945854E+01
    7.162831357E-01    5.345092939E+00    1.050747294E+01
    7.351326919E-01    5.345306100E+00    1.050543078E+01
    7.539822481E-01    5.345524970E+00    1.050333136E+01
    7.728318043E-01    5.345749216E+00    1.050117402E+01
    7.916813605E-01    5.345978498E+00    1.049895805E+01
    8.105309167E-01    5.346212475E+00    1.049668277E+01
    8.293804729E-01    5.346450809E+00    1.049434747E+01
    8.482300291E-01    5.346693167E+00    1.049195149E+01
    8.670795853E-01    5.346939232E+00    1.048949414E+01
    8.859291415E-01    5.347188697E+00    1.048697477E+01
    9.047786977E-01    5.347441279E+00    1.048439277E+01
    9.236282539E-01    5.347696715E+00    1.048174751E+01
    9.424778101E-01    5.347954772E+00    1.047903843E+01
    9.613273663E-01    5.348215244E+00    1.047626499E+01
    9.801769225E-01    5.348477958E+00    1.047342668E+01
    9.990264787E-01    5.348742775E+00    1.047052302E+01
    1.017876035E+00    5.349009593E+00    1.046755359E+01
    1.036725591E+00    5.349278348E+00    1.046451799E+01
    1.055575147E+00    5.349549013E+00    1.046141586E+01
    1.074424704E+00    5.349821602E+00    1.045824689E+01
    1.093274260E+00    5.350096165E+00    1.045501078E+01
    1.112123816E+00    5.350372791E+00    1.045170729E+01
    1.130973372E+00    5.350651606E+00    1.044833620E+01
    1.149822928E+00    5.350932771E+00    1.044489732E+01
    1.168672485E+00    5.351216480E+00    1.044139048E+01
    1.187522041E+00    5.351502957E+00    1.043781553E+01
    1.206371597E+00    5.351792454E+00    1.043417235E+01
    1.225221153E+00    5.352085248E+00    1.043046081E+01
    1.244070709E+00    5.352381637E+00    1.042668081E+01
    1.262920266E+00    5.352681933E+00    1.042283222E+01
    1.281769822E+00    5.352986463E+00    1.041891494E+01
    1.300619378E+00    5.353295565E+00    1.041492882E+01
    1.319468934E+00    5.353609577E+00    1.041087374E+01
    1.338318490E+00    5.353928839E+00    1.040674952E+01
    1.357168047E+00    5.354253687E+00    1.040255597E+01
    1.376017603E+00    5.354584448E+00    1.039829287E+01
    1.394867159E+00    5.354921434E+00    1.039395995E+01
    1.413716715E+00    5.355264944E+00    1.038955693E+01
    1.432566271E+00    5.355615253E+00    1.038508345E+01
    1.451415828E+00    5.355972612E+00    1.038053913E+01
    1.470265384E+00    5.356337245E+00    1.037592352E+01
    1.489114940E+00    5.356709346E+00    1.037123612E+01
    1.507964496E+00    5.357089076E+00    1.036647640E+01
    1.526814052E+00    5.357476559E+00    1.036164374E+01
    1.545663609E+00    5.357871884E+00    1.035673749E+01
    1.564513165E+00    5.358275103E+00    1.035175693E+01
    1.583362721E+00    5.358686228E+00    1.034670129E+01
    1.602212277E+00    5.359105234E+00    1.034156975E+01
    1.621061833E+00    5.359532055E+00    1.033636143E+01
    1.639911390E+00    5.359966590E+00    1.033107541E+01
    1.658760946E+00    5.360408701E+00    1.032571074E+01
    1.677610502E+00    5.360858217E+00    1.032026639E+01
    1.696460058E+00    5.361314933E+00    1.031474133E+01
    1.715309614E+00    5.361778615E+00    1.030913448E+01
    1.734159171E+00    5.362249002E+00    1.030344473E+01
    1.753008727E+00    5.362725812E+00    1.029767097E+01
    1.771858283E+00    5.363208740E+00    1.029181205E+01
    1.790707839E+00    5.363697467E+00    1.028586681E+01
    1.809557395E+00    5.364191664E+00    1.027983411E+01
    1.828406952E+00    5.364690990E+00    1.027371277E+01
    1.847256508E+00    5.365195106E+00    1.026750166E+01
    1.866106064E+00    5.365703670E+00    1.026119963E+01
    1.884955620E+00    5.366216347E+00    1.025480555E+01
    1.903805176E+00    5.366732812E+00    1.024831833E+01
    1.922654733E+00    5.367252753E+00    1.024173687E+01
    1.941504289E+00    5.367775876E+00    1.023506013E+01
    1.960353845E+00    5.368301907E+00    1.022828709E+01
    1.979203401E+00    5.368830598E+00    1.022141676E+01
    1.998052957E+00    5.369361728E+00    1.021444820E+01
    2.016902514E+00    5.369895108E+00    1.020738050E+01
    2.035752070E+00    5.370430580E+00    1.020021278E+01
    2.054601626E+00    5.370968021E+00    1.019294422E+01
    2.073451182E+00    5.371507345E+00    1.018557402E+01
    2.092300738E+00    5.372048501E+00    1.017810143E+01
    2.111150295E+00    5.372591478E+00    1.017052572E+01
    2.129999851E+00    5.373136301E+00    1.016284623E+01
    2.148849407E+00    5.373683034E+00    1.015506229E+01
    2.167698963E+00    5.374231773E+00    1.014717328E+01
    2.186548519E+00    5.374782654E+00    1.013917859E+01
    2.205398076E+00    5.375335843E+00    1.013107765E+01
    2.224247632E+00    5.375891537E+00    1.012286988E+01
    2.243097188E+00    5.376449961E+00    1.011455473E+01
    2.261946744E+00    5.377011365E+00    1.010613164E+01
    2.280796300E+00    5.377576022E+00    1.009760005E+01
    2.299645857E+00    5.378144220E+00    1.008895940E+01
    2.318495413E+00    5.378716265E+00    1.008020912E+01
    2.337344969E+00    5.379292470E+00    1.007134859E+01
    2.356194525E+00    5.379873155E+00    1.006237721E+01
    2.375044082E+00    5.380458642E+00    1.005329433E+01
    2.393893638E+00    5.381049251E+00    1.004409925E+01
    2.412743194E+00    5.381645295E+00    1.003479125E+01
    2.431592750E+00    5.382247076E+00    1.002536957E+01
    2.450442306E+00    5.382854880E+00    1.001583338E+01
    2.469291863E+00    5.383468976E+00    1.000618183E+01
    2.488141419E+00    5.384089611E+00    9.996413981E+00
    2.506990975E+00    5.384717005E+00    9.986528869E+00
    2.525840531E+00    5.385351351E+00    9.976525457E+00
    2.544690087E+00    5.385992809E+00    9.966402655E+00
    2.563539644E+00    5.386641508E+00    9.956159312E+00
    2.582389200E+00    5.387297541E+00    9.945794222E+00
    2.601238756E+00    5.387960963E+00    9.935306121E+00
    2.620088312E+00    5.388631793E+00    9.924693693E+00
    2.638937868E+00    5.389310013E+00    9.913955567E+00
    2.657787425E+00    5.389995565E+00    9.903090327E+00
    2.676636981E+00    5.390688355E+00    9.892096508E+00
    2.695486537E+00    5.391388253E+00    9.880972608E+00
    2.714336093E+00    5.392095093E+00    9.869717086E+00
    2.733185649E+00    5.392808677E+00    9.858328371E+00
    2.752035206E+00    5.393528775E+00    9.846804867E+00
    2.770884762E+00    5.394255130E+00    9.835144959E+00
    2.789734318E+00    5.394987458E+00    9.823347015E+00
    2.808583874E+00    5.395725455E+00    9.811409397E+00
    2.827433430E+00    5.396468798E+00    9.799330466E+00
    2.846282987E+00    5.397217148E+00    9.787108585E+00
    2.865132543E+00    5.397970158E+00    9.774742128E+00
    2.883982099E+00    5.398727471E+00    9.762229484E+00
    2.902831655E+00    5.399488729E+00    9.749569063E+00
    2.921681211E+00    5.400253577E+00    9.736759302E+00
    2.940530768E+00    5.401021663E+00    9.723798667E+00
    2.959380324E+00    5.401792647E+00    9.710685660E+00
    2.978229880E+00    5.402566200E+00    9.697418820E+00
    2.997079436E+00    5.403342012E+00    9.683996729E+00
    3.015928992E+00    5.404119794E+00    9.670418011E+00
    3.034778549E+00    5.404899279E+00    9.656681335E+00
    3.053628105E+00    5.405680229E+00    9.642785420E+00
    3.072477661E+00    5.406462433E+00    9.628729029E+00
    3.091327217E+00    5.407245713E+00    9.614510972E+00
    3.110176773E+00    5.408029922E+00    9.600130106E+00
    3.129026330E+00    5.408814950E+00    9.585585330E+00
    3.147875886E+00    5.409600721E+00    9.570875587E+00
    3.166725442E+00    5.410387194E+00    9.555999858E+00
    3.185574998E+00    5.411174365E+00    9.540957159E+00
    3.204424554E+00    5.411962263E+00    9.525746537E+00
    3.223274111E+00    5.412750953E+00    9.510367067E+00
    3.242123667E+00    5.413540533E+00    9.494817845E+00
    3.260973223E+00    5.414331130E+00    9.479097984E+00
    3.279822779E+00    5.415122900E+00    9.463206609E+00
    3.298672335E+00    5.415916028E+00    9.447142848E+00
    3.317521892E+00    5.416710719E+00    9.430905832E+00
    3.336371448E+00    5.417507199E+00    9.414494683E+00
    3.355221004E+00    5.418305712E+00    9.397908511E+00
    3.374070560E+00    5.419106513E+00    9.381146411E+00
    3.392920116E+00    5.419909866E+00    9.364207452E+00
    3.411769673E+00    5.420716044E+00    9.347090674E+00
    3.430619229E+00    5.421525315E+00    9.329795088E+00
    3.449468785E+00    5.422337950E+00    9.312319662E+00
    3.468318341E+00    5.423154209E+00    9.294663325E+00
    3.487167897E+00    5.423974343E+00    9.276824961E+00
    3.506017454E+00    5.424798587E+00    9.258803407E+00
    3.524867010E+00    5.425627160E+00    9.240597446E+00
    3.543716566E+00    5.426460257E+00    9.222205816E+00
    3.562566122E+00    5.427298049E+00    9.203627197E+00
    3.581415678E+00    5.428140679E+00    9.184860219E+00
    3.600265235E+00    5.428988260E+00    9.165903463E+00
    3.619114791E+00    5.429840872E+00    9.146755455E+00
    3.637964347E+00    5.430698562E+00    9.127414678E+00
    3.656813903E+00    5.431561339E+00    9.107879566E+00
    3.675663459E+00    5.432429178E+00    9.088148513E+00
    3.694513016E+00    5.433302016E+00    9.068219875E+00
    3.713362572E+00    5.434179751E+00    9.048091976E+00
    3.732212128E+00    5.435062248E+00    9.027763112E+00
    3.751061684E+00    5.435949332E+00    9.007231556E+00
    3.769911240E+00    5.436840795E+00    8.986495566E+00
    3.788760797E+00    5.437736398E+00    8.965553389E+00
    3.807610353E+00    5.438635867E+00    8.944403270E+00
    3.826459909E+00    5.439538902E+00    8.923043457E+00
    3.845309465E+00    5.440445175E+00    8.901472209E+00
    3.864159021E+00    5.441354337E+00    8.879687802E+00
    3.883008578E+00    5.442266018E+00    8.857688536E+00
    3.901858134E+00    5.443179831E+00    8.835472741E+00
    3.920707690E+00    5.444095379E+00    8.813038784E+00
    3.939557246E+00    5.445012253E+00    8.790385076E+00
    3.958406803E+00    5.445930040E+00    8.767510074E+00
    3.977256359E+00    5.446848328E+00    8.744412291E+00
    3.996105915E+00    5.447766704E+00    8.721090297E+00
    4.014955471E+00    5.448684763E+00    8.697542723E+00
    4.033805027E+00    5.449602113E+00    8.673768266E+00
    4.052654584E+00    5.450518370E+00    8.649765692E+00
    4.071504140E+00    5.451433173E+00    8.625533836E+00
    4.090353696E+00    5.452346176E+00    8.601071606E+00
    4.109203252E+00    5.453257061E+00    8.576377979E+00
    4.128052808E+00    5.454165531E+00    8.551452006E+00
    4.146902365E+00    5.455071320E+00    8.526292809E+00
    4.165751921E+00    5.455974189E+00    8.500899578E+00
    4.184601477E+00    5.456873931E+00    8.475271570E+00
    4.203451033E+00    5.457770373E+00    8.449408108E+00
    4.222300589E+00    5.458663370E+00    8.423308573E+00
    4.241150146E+00    5.459552814E+00    8.396972405E+00
    4.259999702E+00    5.460438627E+00    8.370399094E+00
    4.278849258E+00    5.461320764E+00    8.343588179E+00
    4.297698814E+00    5.462199210E+00    8.316539239E+00
    4.316548370E+00    5.463073981E+00    8.289251891E+00
    4.335397927E+00    5.463945118E+00    8.261725781E+00
    4.354247483E+00    5.464812689E+00    8.233960580E+00
    4.373097039E+00    5.465676784E+00    8.205955981E+00
    4.391946595E+00    5.466537514E+00    8.177711685E+00
    4.410796151E+00    5.467395005E+00    8.149227404E+00
    4.429645708E+00    5.468249398E+00    8.120502852E+00
    4.448495264E+00    5.469100843E+00    8.091537738E+00
    4.467344820E+00    5.469949497E+00    8.062331765E+00
    4.486194376E+00    5.470795519E+00    8.032884625E+00
    4.505043932E+00    5.471639068E+00    8.003195993E+00
    4.523893489E+00    5.472480296E+00    7.973265524E+00
    4.542743045E+00    5.473319348E+00    7.943092856E+00
    4.561592601E+00    5.474156356E+00    7.912677600E+00
    4.580442157E+00    5.474991434E+00    7.882019346E+00
    4.599291713E+00    5.475824680E+00    7.851117658E+00
    4.618141270E+00    5.476656166E+00    7.819972078E+00
    4.636990826E+00    5.477485939E+00    7.788582124E+00
    4.655840382E+00    5.478314019E+00    7.756947294E+00
    4.674689938E+00    5.479140394E+00    7.725067069E+00
    4.693539494E+00    5.479965020E+00    7.692940915E+00
    4.712389051E+00    5.480787817E+00    7.660568288E+00
    4.731238607E+00    5.481608670E+00    7.627948639E+00
    4.750088163E+00    5.482427427E+00    7.595081419E+00
    4.768937719E+00    5.483243900E+00    7.561966088E+00
    4.787787275E+00    5.484057862E+00    7.528602114E+00
    4.806636832E+00    5.484869048E+00    7.494988989E+00
    4.825486388E+00    5.485677160E+00    7.461126230E+00
    4.844335944E+00    5.486481861E+00    7.427013390E+00
    4.863185500E+00    5.487282782E+00    7.392650064E+00
    4.882035056E+00    5.488079521E+00    7.358035897E+00
    4.900884613E+00    5.488871647E+00    7.323170593E+00
    4.919734169E+00    5.489658700E+00    7.288053921E+00
    4.938583725E+00    5.490440197E+00    7.252685725E+00
    4.957433281E+00    5.491215631E+00    7.217065928E+00
    4.976282837E+00    5.491984478E+00    7.181194544E+00
    4.995132394E+00    5.492746197E+00    7.145071678E+00
    5.013981950E+00    5.493500237E+00    7.108697541E+00
    5.032831506E+00    5.494246037E+00    7.072072445E+00
    5.051681062E+00    5.494983031E+00    7.035196818E+00
    5.070530618E+00    5.495710652E+00    6.998071203E+00
    5.089380175E+00    5.496428336E+00    6.960696263E+00
    5.108229731E+00    5.497135523E+00    6.923072782E+00
    5.127079287E+00    5.497831663E+00    6.885201672E+00
    5.145928843E+00    5.498516217E+00    6.847083970E+00
    5.164778399E+00    5.499188661E+00    6.808720842E+00
    5.183627956E+00    5.499848490E+00    6.770113579E+00
    5.202477512E+00    5.500495216E+00    6.731263600E+00
    5.221327068E+00    5.501128375E+00    6.692172450E+00
    5.240176624E+00    5.501747526E+00    6.652841796E+00
    5.259026180E+00    5.502352252E+00    6.613273427E+00
    5.277875737E+00    5.502942163E+00    6.573469245E+00
    5.296725293E+00    5.503516894E+00    6.533431269E+00
    5.315574849E+00    5.504076109E+00    6.493161625E+00
    5.334424405E+00    5.504619497E+00    6.452662541E+00
    5.353273961E+00    5.505146772E+00    6.411936348E+00
    5.372123518E+00    5.505657675E+00    6.370985465E+00
    5.390973074E+00    5.506151969E+00    6.329812404E+00
    5.409822630E+00    5.506629440E+00    6.288419755E+00
    5.428672186E+00    5.507089892E+00    6.246810188E+00
    5.447521742E+00    5.507533147E+00    6.204986442E+00
    5.466371299E+00    5.507959043E+00    6.162951324E+00
    5.485220855E+00    5.508367428E+00    6.120707701E+00
    5.504070411E+00    5.508758158E+00    6.078258498E+00
    5.522919967E+00    5.509131094E+00    6.035606692E+00
    5.541769524E+00    5.509486100E+00    5.992755311E+00
    5.560619080E+00    5.509823034E+00    5.949707426E+00
    5.579468636E+00    5.510141752E+00    5.906466155E+00
    5.598318192E+00    5.510442095E+00    5.863034658E+00
    5.617167748E+00    5.510723892E+00    5.819416136E+00
    5.636017305E+00    5.510986954E+00    5.775613832E+00
    5.654866861E+00    5.511231071E+00    5.731631033E+00
    5.673716417E+00    5.511456004E+00    5.687471068E+00
    5.692565973E+00    5.511661486E+00    5.643137315E+00
    5.711415529E+00    5.511847220E+00    5.598633201E+00
    5.730265086E+00    5.512012868E+00    5.553962208E+00
    5.749114642E+00    5.512158058E+00    5.509127876E+00
    5.767964198E+00    5.512282373E+00    5.464133814E+00
    5.786813754E+00    5.512385353E+00    5.418983698E+00
    5.805663310E+00    5.512466492E+00    5.373681287E+00
    5.824512867E+00    5.512525238E+00    5.328230425E+00
    5.843362423E+00    5.512560985E+00    5.282635052E+00
    5.862211979E+00    5.512573082E+00    5.236899212E+00
    5.881061535E+00    5.512560825E+00    5.191027064E+00
    5.899911091E+00    5.512523456E+00    5.145022890E+00
    5.918760648E+00    5.512460170E+00    5.098891104E+00
    5.937610204E+00    5.512370108E+00    5.052636268E+00
    5.956459760E+00    5.512252362E+00    5.006263094E+00
    5.975309316E+00    5.512105973E+00    4.959776461E+00
    5.994158872E+00    5.511929935E+00    4.913181422E+00
    6.013008429E+00    5.511723195E+00    4.866483217E+00
    6.031857985E+00    5.511484654E+00    4.819687278E+00
    6.050707541E+00    5.511213171E+00    4.772799244E+00
    6.069557097E+00    5.510907562E+00    4.725824968E+00
    6.088406653E+00    5.510566604E+00    4.678770525E+00
    6.107256210E+00    5.510189038E+00    4.631642222E+00
    6.126105766E+00    5.509773570E+00    4.584446605E+00
    6.144955322E+00    5.509318872E+00    4.537190468E+00
    6.163804878E+00    5.508823587E+00    4.489880857E+00
    6.182654434E+00    5.508286328E+00    4.442525079E+00
    6.201503991E+00    5.507705683E+00    4.395130704E+00
    6.220353547E+00    5.507080214E+00    4.347705576E+00
    6.239203103E+00    5.506408460E+00    4.300257811E+00
    6.258052659E+00    5.505688937E+00    4.252795806E+00
    6.276902215E+00    5.504920142E+00    4.205328236E+00
    6.295751772E+00    5.504100547E+00    4.157864067E+00
    6.314601328E+00    5.503228609E+00    4.110412547E+00
    6.333450884E+00    5.502302759E+00    4.062983218E+00
    6.352300440E+00    5.501321412E+00    4.015585911E+00
    6.371149996E+00    5.500282957E+00    3.968230751E+00
    6.389999553E+00    5.499185760E+00    3.920928158E+00
    6.408849109E+00    5.498028164E+00    3.873688851E+00
    6.427698665E+00    5.496808480E+00    3.826523843E+00
    6.446548221E+00    5.495524993E+00    3.779444450E+00
    6.465397777E+00    5.494175949E+00    3.732462292E+00
    6.484247334E+00    5.492759561E+00    3.685589291E+00
    6.503096890E+00    5.491273997E+00    3.638837681E+00
    6.521946446E+00    5.489717380E+00    3.592220007E+00
    6.540796002E+00    5.488087780E+00    3.545749131E+00
    6.559645558E+00    5.486383213E+00    3.499438239E+00
    6.578495115E+00    5.484601630E+00    3.453300849E+00
    6.597344671E+00    5.482740916E+00    3.407350814E+00
    6.616194227E+00    5.480798881E+00    3.361602335E+00
    6.635043783E+00    5.478773252E+00    3.316069970E+00
    6.653893339E+00    5.476661672E+00    3.270768648E+00
    6.672742896E+00    5.474461689E+00    3.225713679E+00
    6.691592452E+00    5.472170751E+00    3.180920773E+00
    6.710442008E+00    5.469786199E+00    3.136406053E+00
    6.729291564E+00    5.467305262E+00    3.092186076E+00
    6.748141120E+00    5.464725049E+00    3.048277852E+00
    6.766990677E+00    5.462042547E+00    3.004698867E+00
    6.785840233E+00    5.459254608E+00    2.961467106E+00
    6.804689789E+00    5.456357955E+00    2.918601081E+00
    6.823539345E+00    5.453349168E+00    2.876119857E+00
    6.842388901E+00    5.450224687E+00    2.834043081E+00
    6.861238458E+00    5.446980805E+00    2.792391017E+00
    6.880088014E+00    5.443613672E+00    2.751184576E+00
    6.898937570E+00    5.440119289E+00    2.710445353E+00
    6.917787126E+00    5.436493510E+00    2.670195665E+00
    6.936636682E+00    5.432732048E+00    2.630458588E+00
    6.955486239E+00    5.428830476E+00    2.591257997E+00
    6.974335795E+00    5.424784234E+00    2.552618612E+00
    6.993185351E+00    5.420588634E+00    2.514566035E+00
    7.012034907E+00    5.416238876E+00    2.477126799E+00
    7.030884464E+00    5.411730057E+00    2.440328411E+00
    7.049734020E+00    5.407057184E+00    2.404199396E+00
    7.068583576E+00    5.402215202E+00    2.368769344E+00
    7.087433132E+00    5.397199004E+00    2.334068957E+00
    7.106282688E+00    5.392003466E+00    2.300130089E+00
    7.125132245E+00    5.386623475E+00    2.266985790E+00
    7.143981801E+00    5.381053959E+00    2.234670348E+00
    7.162831357E+00    5.375289932E+00    2.203219324E+00
    7.181680913E+00    5.369326532E+00    2.172669585E+00
    7.200530469E+00    5.363159077E+00    2.143059330E+00
    7.219380026E+00    5.356783116E+00    2.114428110E+00
    7.238229582E+00    5.350194491E+00    2.086816840E+00
    7.257079138E+00    5.343389406E+00    2.060267796E+00
    7.275928694E+00    5.336364503E+00    2.034824602E+00
    7.294778250E+00    5.329116940E+00    2.010532203E+00
    7.313627807E+00    5.321644478E+00    1.987436817E+00
    7.332477363E+00    5.313945582E+00    1.965585863E+00
    7.351326919E+00    5.306019516E+00    1.945027874E+00
    7.370176475E+00    5.297866453E+00    1.925812369E+00
    7.389026031E+00    5.289487585E+00    1.907989706E+00
    7.407875588E+00    5.280885243E+00    1.891610896E+00
    7.426725144E+00    5.272063016E+00    1.876727374E+00
    7.445574700E+00    5.263025871E+00    1.863390741E+00
    7.464424256E+00    5.253780278E+00    1.851652450E+00
    7.483273812E+00    5.244334328E+00    1.841563462E+00
    7.502123369E+00    5.234697850E+00    1.833173844E+00
    7.520972925E+00    5.224882518E+00    1.826532332E+00
    7.539822481E+00    5.214901946E+00    1.821685845E+00
    7.558672037E+00    5.204771780E+00    1.818678963E+00
    7.577521593E+00    5.194509752E+00    1.817553371E+00
    7.596371150E+00    5.184135737E+00    1.818347270E+00
    7.615220706E+00    5.173671763E+00    1.821094772E+00
    7.634070262E+00    5.163142005E+00    1.825825284E+00
    7.652919818E+00    5.152572743E+00    1.832562887E+00
    7.671769374E+00    5.141992280E+00    1.841325738E+00
    7.690618931E+00    5.131430822E+00    1.852125484E+00
    7.709468487E+00    5.120920319E+00    1.864966720E+00
    7.728318043E+00    5.110494256E+00    1.879846505E+00
    7.747167599E+00    5.100187400E+00    1.896753927E+00
    7.766017155E+00    5.090035505E+00    1.915669757E+00
    7.784866712E+00    5.080074968E+00    1.936566188E+00
    7.803716268E+00    5.070342447E+00    1.959406664E+00
    7.822565824E+00    5.060874437E+00    1.984145828E+00
    7.841415380E+00    5.051706813E+00    2.010729569E+00
    7.860264936E+00    5.042874353E+00    2.039095195E+00
    7.879114493E+00    5.034410235E+00    2.069171723E+00
    7.897964049E+00    5.026345527E+00    2.100880290E+00
    7.916813605E+00    5.018708682E+00    2.134134687E+00
    7.935663161E+00    5.011525037E+00    2.168842001E+00
    7.954512717E+00    5.004816348E+00    2.204903377E+00
    7.973362274E+00    4.998600347E+00    2.242214875E+00
    7.992211830E+00    4.992890353E+00    2.280668425E+00
    8.011061386E+00    4.987694943E+00    2.320152859E+00
    8.029910942E+00    4.983017689E+00    2.360555008E+00
    8.048760498E+00    4.978856966E+00    2.401760854E+00
    8.067610055E+00    4.975205849E+00    2.443656713E+00
    8.086459611E+00    4.972052099E+00    2.486130431E+00
    8.105309167E+00    4.969378237E+00    2.529072578E+00
    8.124158723E+00    4.967161711E+00    2.572377621E+00
    8.143008279E+00    4.965375150E+00    2.615945048E+00
    8.161857836E+00    4.963986707E+00    2.659680439E+00
    8.180707392E+00    4.962960486E+00    2.703496455E+00
    8.199556948E+00    4.962257028E+00    2.747313728E+00
    8.218406504E+00    4.961833876E+00    2.791061649E+00
    8.237256060E+00    4.961646183E+00    2.834679034E+00
    8.256105617E+00    4.961647364E+00    2.878114655E+00
    8.274955173E+00    4.961789774E+00    2.921327631E+00
    8.293804729E+00    4.962025410E+00    2.964287680E+00
    8.312654285E+00    4.962306610E+00    3.006975218E+00
    8.331503841E+00    4.962586752E+00    3.049381309E+00
    8.350353398E+00    4.962820932E+00    3.091507471E+00
    8.369202954E+00    4.962966610E+00    3.133365331E+00
    8.388052510E+00    4.962984226E+00    3.174976146E+00
    8.406902066E+00    4.962837764E+00    3.216370188E+00
    8.425751622E+00    4.962495262E+00    3.257586009E+00
    8.444601179E+00    4.961929261E+00    3.298669583E+00
    8.463450735E+00    4.961117188E+00    3.339673354E+00
    8.482300291E+00    4.960041670E+00    3.380655188E+00
    8.501149847E+00    4.958690767E+00    3.421677250E+00
    8.519999403E+00    4.957058130E+00    3.462804819E+00
    8.538848960E+00    4.955143076E+00    3.504105058E+00
    8.557698516E+00    4.952950587E+00    3.545645748E+00
    8.576548072E+00    4.950491218E+00    3.587494024E+00
    8.595397628E+00    4.947780924E+00    3.629715099E+00
    8.614247185E+00    4.944840816E+00    3.672371033E+00
    8.633096741E+00    4.941696820E+00    3.715519531E+00
    8.651946297E+00    4.938379278E+00    3.759212811E+00
    8.670795853E+00    4.934922462E+00    3.803496556E+00
    8.689645409E+00    4.931364028E+00    3.848408964E+00
    8.708494966E+00    4.927744412E+00    3.893979916E+00
    8.727344522E+00    4.924106165E+00    3.940230279E+00
    8.746194078E+00    4.920493251E+00    3.987171354E+00
    8.765043634E+00    4.916950308E+00    4.034804487E+00
    8.783893190E+00    4.913521888E+00    4.083120844E+00
    8.802742747E+00    4.910251687E+00    4.132101366E+00
    8.821592303E+00    4.907181773E+00    4.181716897E+00
    8.840441859E+00    4.904351846E+00    4.231928490E+00
    8.859291415E+00    4.901798511E+00    4.282687886E+00
    8.878140971E+00    4.899554610E+00    4.333938157E+00
    8.896990528E+00    4.897648612E+00    4.385614507E+00
    8.915840084E+00    4.896104072E+00    4.437645203E+00
    8.934689640E+00    4.894939178E+00    4.489952636E+00
    8.953539196E+00    4.894166397E+00    4.542454480E+00
    8.972388752E+00    4.893792215E+00    4.595064929E+00
    8.991238309E+00    4.893816996E+00    4.647695993E+00
    9.010087865E+00    4.894234949E+00    4.700258823E+00
    9.028937421E+00    4.895034214E+00    4.752665043E+00
    9.047786977E+00    4.896197051E+00    4.804828062E+00
    9.066636533E+00    4.897700147E+00    4.856664350E+00
    9.085486090E+00    4.899515015E+00    4.908094646E+00
    9.104335646E+00    4.901608492E+00    4.959045088E+00
    9.123185202E+00    4.903943312E+00    5.009448236E+00
    9.142034758E+00    4.906478750E+00    5.059243984E+00
    9.160884314E+00    4.909171321E+00    5.108380346E+00
    9.179733871E+00    4.911975518E+00    5.156814100E+00
    9.198583427E+00    4.914844574E+00    5.204511287E+00
    9.217432983E+00    4.917731248E+00    5.251447568E+00
    9.236282539E+00    4.920588589E+00    5.297608422E+00
    9.255132095E+00    4.923370706E+00    5.342989203E+00
    9.273981652E+00    4.926033494E+00    5.387595042E+00
    9.292831208E+00    4.928535334E+00    5.431440609E+00
    9.311680764E+00    4.930837736E+00    5.474549744E+00
    9.330530320E+00    4.932905933E+00    5.516954947E+00
    9.349379876E+00    4.934709405E+00    5.558696760E+00
    9.368229433E+00    4.936222335E+00    5.599823033E+00
    9.387078989E+00    4.937423991E+00    5.640388087E+00
    9.405928545E+00    4.938299028E+00    5.680451799E+00
    9.424778101E+00    4.938837702E+00    5.720078601E+00
    9.443627657E+00    4.939036011E+00    5.759336430E+00
    9.462477214E+00    4.938895741E+00    5.798295619E+00
    9.481326770E+00    4.938424428E+00    5.837027763E+00
    9.500176326E+00    4.937635238E+00    5.875604566E+00
    9.519025882E+00    4.936546757E+00    5.914096691E+00
    9.537875438E+00    4.935182704E+00    5.952572618E+00
    9.556724995E+00    4.933571564E+00    5.991097542E+00
    9.575574551E+00    4.931746140E+00    6.029732319E+00
    9.594424107E+00    4.929743046E+00    6.068532477E+00
    9.613273663E+00    4.927602123E+00    6.107547306E+00
    9.632123219E+00    4.925365809E+00    6.146819054E+00
    9.650972776E+00    4.923078451E+00    6.186382229E+00
    9.669822332E+00    4.920785590E+00    6.226263026E+00
    9.688671888E+00    4.918533202E+00    6.266478891E+00
    9.707521444E+00    4.916366939E+00    6.307038234E+00
    9.726371000E+00    4.914331354E+00    6.347940285E+00
    9.745220557E+00    4.912469140E+00    6.389175109E+00
    9.764070113E+00    4.910820394E+00    6.430723779E+00
    9.782919669E+00    4.909421918E+00    6.472558693E+00
    9.801769225E+00    4.908306566E+00    6.514644048E+00
    9.820618781E+00    4.907502665E+00    6.556936441E+00
    9.839468338E+00    4.907033507E+00    6.599385608E+00
    9.858317894E+00    4.906916925E+00    6.641935263E+00
    9.877167450E+00    4.907164977E+00    6.684524040E+00
    9.896017006E+00    4.907783726E+00    6.727086512E+00
    9.914866562E+00    4.908773130E+00    6.769554262E+00
    9.933716119E+00    4.910127044E+00    6.811856994E+00
    9.952565675E+00    4.911833335E+00    6.853923667E+00
    9.971415231E+00    4.913874104E+00    6.895683609E+00
    9.990264787E+00    4.916226010E+00    6.937067626E+00
    1.000911434E+01    4.918860691E+00    6.978009056E+00
    1.002796390E+01    4.921745269E+00    7.018444771E+00
    1.004681346E+01    4.924842933E+00    7.058316106E+00
    1.006566301E+01    4.928113583E+00    7.097569696E+00
    1.008451257E+01    4.931514522E+00    7.136158224E+00
    1.010336212E+01    4.935001186E+00    7.174041058E+00
    1.012221168E+01    4.938527892E+00    7.211184779E+00
    1.014106124E+01    4.942048595E+00    7.247563588E+00
    1.015991079E+01    4.945517644E+00    7.283159602E+00
    1.017876035E+01    4.948890514E+00    7.317963022E+00
    1.019760991E+01    4.952124512E+00    7.351972186E+00
    1.021645946E+01    4.955179442E+00    7.385193507E+00
    1.023530902E+01    4.958018227E+00    7.417641290E+00
    1.025415857E+01    4.960607466E+00    7.449337446E+00
    1.027300813E+01    4.962917936E+00    7.480311106E+00
    1.029185769E+01    4.964925020E+00    7.510598124E+00
    1.031070724E+01    4.966609066E+00    7.540240509E+00
    1.032955680E+01    4.967955666E+00    7.569285758E+00
    1.034840636E+01    4.968955856E+00    7.597786129E+00
    1.036725591E+01    4.969606241E+00    7.625797842E+00
    1.038610547E+01    4.969909029E+00    7.653380235E+00
    1.040495502E+01    4.969871991E+00    7.680594873E+00
    1.042380458E+01    4.969508334E+00    7.707504629E+00
    1.044265414E+01    4.968836501E+00    7.734172749E+00
    1.046150369E+01    4.967879888E+00    7.760661911E+00
    1.048035325E+01    4.966666486E+00    7.787033293E+00
    1.049920280E+01    4.965228456E+00    7.813345663E+00
    1.051805236E+01    4.963601636E+00    7.839654511E+00
    1.053690192E+01    4.961824988E+00    7.866011218E+00
    1.055575147E+01    4.959939993E+00    7.892462306E+00
    1.057460103E+01    4.957989997E+00    7.919048747E+00
    1.059345059E+01    4.956019525E+00    7.945805367E+00
    1.061230014E+01    4.954073562E+00    7.972760351E+00
    1.063114970E+01    4.952196828E+00    7.999934847E+00
    1.064999925E+01    4.950433042E+00    8.027342689E+00
    1.066884881E+01    4.948824193E+00    8.054990236E+00
    1.068769837E+01    4.947409838E+00    8.082876338E+00
    1.070654792E+01    4.946226435E+00    8.110992412E+00
    1.072539748E+01    4.945306714E+00    8.139322658E+00
    1.074424704E+01    4.944679118E+00    8.167844370E+00
    1.076309659E+01    4.944367309E+00    8.196528372E+00
    1.078194615E+01    4.944389761E+00    8.225339545E+00
    1.080079570E+01    4.944759434E+00    8.254237454E+00
    1.081964526E+01    4.945483554E+00    8.283177042E+00
    1.083849482E+01    4.946563488E+00    8.312109396E+00
    1.085734437E+01    4.947994730E+00    8.340982561E+00
    1.087619393E+01    4.949766985E+00    8.369742390E+00
    1.089504348E+01    4.951864359E+00    8.398333412E+00
    1.091389304E+01    4.954265645E+00    8.426699710E+00
    1.093274260E+01    4.956944703E+00    8.454785783E+00
    1.095159215E+01    4.959870917E+00    8.482537395E+00
    1.097044171E+01    4.963009736E+00    8.509902380E+00
    1.098929127E+01    4.966323261E+00    8.536831412E+00
    1.100814082E+01    4.969770897E+00    8.563278708E+00
    1.102699038E+01    4.973310033E+00    8.589202674E+00
    1.104583993E+01    4.976896746E+00    8.614566478E+00
    1.106468949E+01    4.980486519E+00    8.639338545E+00
    1.108353905E+01    4.984034961E+00    8.663492971E+00
    1.110238860E+01    4.987498504E+00    8.687009847E+00
    1.112123816E+01    4.990835088E+00    8.709875506E+00
    1.114008772E+01    4.994004804E+00    8.732082666E+00
    1.115893727E+01    4.996970501E+00    8.753630498E+00
    1.117778683E+01    4.999698338E+00    8.774524595E+00
    1.119663638E+01    5.002158283E+00    8.794776860E+00
    1.121548594E+01    5.004324547E+00    8.814405307E+00
    1.123433550E+01    5.006175955E+00    8.833433780E+00
    1.125318505E+01    5.007696244E+00    8.851891593E+00
    1.127203461E+01    5.008874286E+00    8.869813102E+00
    1.129088417E+01    5.009704243E+00    8.887237204E+00
    1.130973372E+01    5.010185636E+00    8.904206777E+00
    1.132858328E+01    5.010323349E+00    8.920768065E+00
    1.134743283E+01    5.010127547E+00    8.936970020E+00
    1.136628239E+01    5.009613522E+00    8.952863602E+00
    1.138513195E+01    5.008801469E+00    8.968501053E+00
    1.140398150E+01    5.007716183E+00    8.983935155E+00
    1.142283106E+01    5.006386695E+00    8.999218474E+00
    1.144168061E+01    5.004845840E+00    9.014402612E+00
    1.146053017E+01    5.003129766E+00    9.029537472E+00
    1.147937973E+01    5.001277388E+00    9.044670550E+00
    1.149822928E+01    4.999329800E+00    9.059846259E+00
    1.151707884E+01    4.997329638E+00    9.075105302E+00
    1.153592840E+01    4.995320423E+00    9.090484107E+00
    1.155477795E+01    4.993345876E+00    9.106014322E+00
    1.157362751E+01    4.991449221E+00    9.121722388E+00
    1.159247706E+01    4.989672493E+00    9.137629193E+00
    1.161132662E+01    4.988055858E+00    9.153749815E+00
    1.163017618E+01    4.986636948E+00    9.170093357E+00
    1.164902573E+01    4.985450244E+00    9.186662871E+00
    1.166787529E+01    4.984526495E+00    9.203455381E+00
    1.168672485E+01    4.983892207E+00    9.220462002E+00
    1.170557440E+01    4.983569190E+00    9.237668136E+00
    1.172442396E+01    4.983574194E+00    9.255053773E+00
    1.174327351E+01    4.983918620E+00    9.272593852E+00
    1.176212307E+01    4.984608333E+00    9.290258705E+00
    1.178097263E+01    4.985643564E+00    9.308014564E+00
    1.179982218E+01    4.987018915E+00    9.325824119E+00
    1.181867174E+01    4.988723455E+00    9.343647120E+00
    1.183752130E+01    4.990740919E+00    9.361441012E+00
    1.185637085E+01    4.993049995E+00    9.379161601E+00
    1.187522041E+01    4.995624688E+00    9.396763723E+00
    1.189406996E+01    4.998434778E+00    9.414201921E+00
    1.191291952E+01    5.001446323E+00    9.431431117E+00
    1.193176908E+01    5.004622241E+00    9.448407265E+00
    1.195061863E+01    5.007922918E+00    9.465087982E+00
    1.196946819E+01    5.011306863E+00    9.481433146E+00
    1.198831774E+01    5.014731375E+00    9.497405454E+00
    1.200716730E+01    5.018153232E+00    9.512970938E+00
    1.202601686E+01    5.021529364E+00    9.528099428E+00
    1.204486641E+01    5.024817524E+00    9.542764953E+00
    1.206371597E+01    5.027976932E+00    9.556946094E+00
    1.208256553E+01    5.030968890E+00    9.570626263E+00
    1.210141508E+01    5.033757358E+00    9.583793918E+00
    1.212026464E+01    5.036309477E+00    9.596442709E+00
    1.213911419E+01    5.038596048E+00    9.608571554E+00
    1.215796375E+01    5.040591946E+00    9.620184648E+00
    1.217681331E+01    5.042276473E+00    9.631291390E+00
    1.219566286E+01    5.043633649E+00    9.641906252E+00
    1.221451242E+01    5.044652428E+00    9.652048570E+00
    1.223336198E+01    5.045326850E+00    9.661742277E+00
    1.225221153E+01    5.045656114E+00    9.671015565E+00
    1.227106109E+01    5.045644588E+00    9.679900494E+00
    1.228991064E+01    5.045301737E+00    9.688432545E+00
    1.230876020E+01    5.044641989E+00    9.696650123E+00
    1.232760976E+01    5.043684525E+00    9.704594023E+00
    1.234645931E+01    5.042453004E+00    9.712306859E+00
    1.236530887E+01    5.040975221E+00    9.719832464E+00
    1.238415842E+01    5.039282705E+00    9.727215276E+00
    1.240300798E+01    5.037410260E+00    9.734499717E+00
    1.242185754E+01    5.035395452E+00    9.741729564E+00
    1.244070709E+01    5.033278055E+00    9.748947341E+00
    1.245955665E+01    5.031099448E+00    9.756193718E+00
    1.247840621E+01    5.028901995E+00    9.763506950E+00
    1.249725576E+01    5.026728388E+00    9.770922344E+00
    1.251610532E+01    5.024620991E+00    9.778471781E+00
    1.253495487E+01    5.022621166E+00    9.786183275E+00
    1.255380443E+01    5.020768625E+00    9.794080614E+00
    1.257265399E+01    5.019100789E+00    9.802183043E+00
    1.259150354E+01    5.017652177E+00    9.810505034E+00
    1.261035310E+01    5.016453849E+00    9.819056118E+00
    1.262920266E+01    5.015532887E+00    9.827840794E+00
    1.264805221E+01    5.014911952E+00    9.836858517E+00
    1.266690177E+01    5.014608900E+00    9.846103752E+00
    1.268575132E+01    5.014636489E+00    9.855566105E+00
    1.270460088E+01    5.015002164E+00    9.865230526E+00
    1.272345044E+01    5.015707937E+00    9.875077564E+00
    1.274229999E+01    5.016750354E+00    9.885083698E+00
    1.276114955E+01    5.018120561E+00    9.895221709E+00
    1.277999911E+01    5.019804458E+00    9.905461108E+00
    1.279884866E+01    5.021782945E+00    9.915768596E+00
    1.281769822E+01    5.024032242E+00    9.926108567E+00
    1.283654777E+01    5.026524298E+00    9.936443630E+00
    1.285539733E+01    5.029227259E+00    9.946735155E+00
    1.287424689E+01    5.032105994E+00    9.956943827E+00
    1.289309644E+01    5.035122673E+00    9.967030204E+00
    1.291194600E+01    5.038237378E+00    9.976955274E+00
    1.293079555E+01    5.041408745E+00    9.986681002E+00
    1.294964511E+01    5.044594614E+00    9.996170856E+00
    1.296849467E+01    5.047752687E+00    1.000539032E+01
    1.298734422E+01    5.050841174E+00    1.001430735E+01
    1.300619378E+01    5.053819431E+00    1.002289284E+01
    1.302504334E+01    5.056648565E+00    1.003112101E+01
    1.304389289E+01    5.059292005E+00    1.003896975E+01
    1.306274245E+01    5.061716035E+00    1.004642094E+01
    1.308159200E+01    5.063890279E+00    1.005346069E+01
    1.310044156E+01    5.065788130E+00    1.006007952E+01
    1.311929112E+01    5.067387122E+00    1.006627253E+01
    1.313814067E+01    5.068669246E+00    1.007203941E+01
    1.315699023E+01    5.069621194E+00    1.007738451E+01
    1.317583979E+01    5.070234538E+00    1.008231671E+01
    1.319468934E+01    5.070505849E+00    1.008684938E+01
    1.321353890E+01    5.070436733E+00    1.009100013E+01
    1.323238845E+01    5.070033812E+00    1.009479061E+01
    1.325123801E+01    5.069308625E+00    1.009824616E+01
    1.327008757E+01    5.068277468E+00    1.010139554E+01
    1.328893712E+01    5.066961165E+00    1.010427045E+01
    1.330778668E+01    5.065384773E+00    1.010690512E+01
    1.332663624E+01    5.063577227E+00    1.010933584E+01
    1.334548579E+01    5.061570932E+00    1.011160045E+01
    1.336433535E+01    5.059401291E+00    1.011373779E+01
    1.338318490E+01    5.057106194E+00    1.011578718E+01
    1.340203446E+01    5.054725464E+00    1.011778786E+01
    1.342088402E+01    5.052300261E+00    1.011977844E+01
    1.343973357E+01    5.049872468E+00    1.012179636E+01
    1.345858313E+01    5.047484052E+00    1.012387739E+01
    1.347743268E+01    5.045176418E+00    1.012605512E+01
    1.349628224E+01    5.042989764E+00    1.012836048E+01
    1.351513180E+01    5.040962451E+00    1.013082138E+01
    1.353398135E+01    5.039130385E+00    1.013346226E+01
    1.355283091E+01    5.037526445E+00    1.013630384E+01
    1.357168047E+01    5.036179947E+00    1.013936278E+01
    1.359053002E+01    5.035116164E+00    1.014265152E+01
    1.360937958E+01    5.034355908E+00    1.014617813E+01
    1.362822913E+01    5.033915186E+00    1.014994618E+01
    1.364707869E+01    5.033804937E+00    1.015395477E+01
    1.366592825E+01    5.034030844E+00    1.015819852E+01
    1.368477780E+01    5.034593248E+00    1.016266770E+01
    1.370362736E+01    5.035487137E+00    1.016734839E+01
    1.372247692E+01    5.036702239E+00    1.017222267E+01
    1.374132647E+01    5.038223196E+00    1.017726891E+01
    1.376017603E+01    5.040029817E+00    1.018246208E+01
    1.377902558E+01    5.042097427E+00    1.018777410E+01
    1.379787514E+01    5.044397267E+00    1.019317427E+01
    1.381672470E+01    5.046896975E+00    1.019862968E+01
    1.383557425E+01    5.049561111E+00    1.020410567E+01
    1.385442381E+01    5.052351730E+00    1.020956633E+01
    1.387327336E+01    5.055228988E+00    1.021497500E+01
    1.389212292E+01    5.058151770E+00    1.022029476E+01
    1.391097248E+01    5.061078331E+00    1.022548898E+01
    1.392982203E+01    5.063966937E+00    1.023052179E+01
    1.394867159E+01    5.066776498E+00    1.023535859E+01
    1.396752115E+01    5.069467184E+00    1.023996655E+01
    1.398637070E+01    5.072001011E+00    1.024431503E+01
    1.400522026E+01    5.074342399E+00    1.024837605E+01
    1.402406981E+01    5.076458680E+00    1.025212462E+01
    1.404291937E+01    5.078320565E+00    1.025553915E+01
    1.406176893E+01    5.079902558E+00    1.025860172E+01
    1.408061848E+01    5.081183308E+00    1.026129833E+01
    1.409946804E+01    5.082145908E+00    1.026361912E+01
    1.411831760E+01    5.082778124E+00    1.026555846E+01
    1.413716715E+01    5.083072565E+00    1.026711508E+01
    1.415601671E+01    5.083026779E+00    1.026829210E+01
    1.417486626E+01    5.082643287E+00    1.026909691E+01
    1.419371582E+01    5.081929551E+00    1.026954115E+01
    1.421256538E+01    5.080897862E+00    1.026964051E+01
    1.423141493E+01    5.079565182E+00    1.026941452E+01
    1.425026449E+01    5.077952900E+00    1.026888628E+01
    1.426911405E+01    5.076086538E+00    1.026808212E+01
    1.428796360E+01    5.073995396E+00    1.026703125E+01
    1.430681316E+01    5.071712131E+00    1.026576534E+01
    1.432566271E+01    5.069272301E+00    1.026431810E+01
    1.434451227E+01    5.066713844E+00    1.026272478E+01
    1.436336183E+01    5.064076527E+00    1.026102168E+01
    1.438221138E+01    5.061401361E+00    1.025924567E+01
    1.440106094E+01    5.058729984E+00    1.025743364E+01
    1.441991049E+01    5.056104036E+00    1.025562203E+01
    1.443876005E+01    5.053564513E+00    1.025384628E+01
    1.445760961E+01    5.051151136E+00    1.025214038E+01
    1.447645916E+01    5.048901725E+00    1.025053637E+01
    1.449530872E+01    5.046851597E+00    1.024906391E+01
    1.451415828E+01    5.045032998E+00    1.024774990E+01
    1.453300783E+01    5.043474581E+00    1.024661804E+01
    1.455185739E+01    5.042200936E+00    1.024568860E+01
    1.457070694E+01    5.041232185E+00    1.024497806E+01
    1.458955650E+01    5.040583647E+00    1.024449896E+01
    1.460840606E+01    5.040265582E+00    1.024425964E+01
    1.462725561E+01    5.040283021E+00    1.024426422E+01
    1.464610517E+01    5.040635678E+00    1.024451250E+01
    1.466495473E+01    5.041317960E+00    1.024499994E+01
    1.468380428E+01    5.042319056E+00    1.024571777E+01
    1.470265384E+01    5.043623120E+00    1.024665307E+01
    1.472150339E+01    5.045209538E+00    1.024778897E+01
    1.474035295E+01    5.047053263E+00    1.024910487E+01
    1.475920251E+01    5.049125236E+00    1.025057672E+01
    1.477805206E+01    5.051392855E+00    1.025217735E+01
    1.479690162E+01    5.053820510E+00    1.025387684E+01
    1.481575118E+01    5.056370148E+00    1.025564293E+01
    1.483460073E+01    5.059001881E+00    1.025744148E+01
    1.485345029E+01    5.061674613E+00    1.025923692E+01
    1.487229984E+01    5.064346674E+00    1.026099274E+01
    1.489114940E+01    5.066976464E+00    1.026267201E+01
    1.490999896E+01    5.069523074E+00    1.026423791E+01
    1.492884851E+01    5.071946904E+00    1.026565420E+01
    1.494769807E+01    5.074210245E+00    1.026688575E+01
    1.496654762E+01    5.076277825E+00    1.026789904E+01
    1.498539718E+01    5.078117324E+00    1.026866261E+01
    1.500424674E+01    5.079699826E+00    1.026914750E+01
    1.502309629E+01    5.081000234E+00    1.026932768E+01
    1.504194585E+01    5.081997619E+00    1.026918037E+01
    1.506079541E+01    5.082675509E+00    1.026868641E+01
    1.507964496E+01    5.083022119E+00    1.026783048E+01
    1.509849452E+01    5.083030514E+00    1.026660137E+01
    1.511734407E+01    5.082698704E+00    1.026499206E+01
    1.513619363E+01    5.082029670E+00    1.026299989E+01
    1.515504319E+01    5.081031328E+00    1.026062653E+01
    1.517389274E+01    5.079716421E+00    1.025787804E+01
    1.519274230E+01    5.078102344E+00    1.025476467E+01
    1.521159186E+01    5.076210905E+00    1.025130083E+01
    1.523044141E+01    5.074068027E+00    1.024750480E+01
    1.524929097E+01    5.071703379E+00    1.024339853E+01
    1.526814052E+01    5.069149966E+00    1.023900730E+01
    1.528699008E+01    5.066443651E+00    1.023435937E+01
    1.530583964E+01    5.063622644E+00    1.022948562E+01
    1.532468919E+01    5.060726940E+00    1.022441908E+01
    1.534353875E+01    5.057797727E+00    1.021919450E+01
    1.536238830E+01    5.054876772E+00    1.021384783E+01
    1.538123786E+01    5.052005786E+00    1.020841578E+01
    1.540008742E+01    5.049225779E+00    1.020293526E+01
    1.541893697E+01    5.046576422E+00    1.019744289E+01
    1.543778653E+01    5.044095422E+00    1.019197447E+01
    1.545663609E+01    5.041817917E+00    1.018656453E+01
    1.547548564E+01    5.039775909E+00    1.018124579E+01
    1.549433520E+01    5.037997740E+00    1.017604872E+01
    1.551318475E+01    5.036507628E+00    1.017100112E+01
    1.553203431E+01    5.035325257E+00    1.016612771E+01
    1.555088387E+01    5.034465455E+00    1.016144977E+01
    1.556973342E+01    5.033937937E+00    1.015698485E+01
    1.558858298E+01    5.033747142E+00    1.015274647E+01
    1.560743254E+01    5.033892157E+00    1.014874396E+01
    1.562628209E+01    5.034366727E+00    1.014498224E+01
    1.564513165E+01    5.035159361E+00    1.014146179E+01
    1.566398120E+01    5.036253521E+00    1.013817858E+01
    1.568283076E+01    5.037627897E+00    1.013512413E+01
    1.570168032E+01    5.039256760E+00    1.013228556E+01
    1.572052987E+01    5.041110389E+00    1.012964580E+01
    1.573937943E+01    5.043155551E+00    1.012718374E+01
    1.575822899E+01    5.045356045E+00    1.012487458E+01
    1.577707854E+01    5.047673284E+00    1.012269010E+01
    1.579592810E+01    5.050066907E+00    1.012059906E+01
    1.581477765E+01    5.052495415E+00    1.011856762E+01
    1.583362721E+01    5.054916818E+00    1.011655983E+01
    1.585247677E+01    5.057289278E+00    1.011453809E+01
    1.587132632E+01    5.059571748E+00    1.011246369E+01
    1.589017588E+01    5.061724583E+00    1.011029733E+01
    1.590902543E+01    5.063710134E+00    1.010799972E+01
    1.592787499E+01    5.065493291E+00    1.010553206E+01
    1.594672455E+01    5.067042003E+00    1.010285664E+01
    1.596557410E+01    5.068327730E+00    1.009993733E+01
    1.598442366E+01    5.069325853E+00    1.009674010E+01
    1.600327322E+01    5.070016022E+00    1.009323352E+01
    1.602212277E+01    5.070382441E+00    1.008938914E+01
    1.604097233E+01    5.070414095E+00    1.008518194E+01
    1.605982188E+01    5.070104898E+00    1.008059065E+01
    1.607867144E+01    5.069453784E+00    1.007559807E+01
    1.609752100E+01    5.068464726E+00    1.007019125E+01
    1.611637055E+01    5.067146684E+00    1.006436173E+01
    1.613522011E+01    5.065513484E+00    1.005810564E+01
    1.615406967E+01    5.063583629E+00    1.005142372E+01
    1.617291922E+01    5.061380049E+00    1.004432133E+01
    1.619176878E+01    5.058929778E+00    1.003680839E+01
    1.621061833E+01    5.056263575E+00    1.002889922E+01
    1.622946789E+01    5.053415492E+00    1.002061235E+01
    1.624831745E+01    5.050422378E+00    1.001197026E+01
    1.626716700E+01    5.047323346E+00    1.000299910E+01
    1.628601656E+01    5.044159197E+00    9.993728291E+00
    1.630486612E+01    5.040971807E+00    9.984190138E+00
    1.632371567E+01    5.037803495E+00    9.974419399E+00
    1.634256523E+01    5.034696369E+00    9.964452789E+00
    1.636141478E+01    5.031691671E+00    9.954328480E+00
    1.638026434E+01    5.028829127E+00    9.944085565E+00
    1.639911390E+01    5.026146306E+00    9.933763517E+00
    1.641796345E+01    5.023678013E+00    9.923401624E+00
    1.643681301E+01    5.021455719E+00    9.913038436E+00
    1.645566256E+01    5.019507036E+00    9.902711210E+00
    1.647451212E+01    5.017855256E+00    9.892455362E+00
    1.649336168E+01    5.016518956E+00    9.882303951E+00
    1.651221123E+01    5.015511676E+00    9.872287179E+00
    1.653106079E+01    5.014841694E+00    9.862431929E+00
    1.654991035E+01    5.014511872E+00    9.852761348E+00
    1.656875990E+01    5.014519606E+00    9.843294472E+00
    1.658760946E+01    5.014856868E+00    9.834045909E+00
    1.660645901E+01    5.015510334E+00    9.825025584E+00
    1.662530857E+01    5.016461608E+00    9.816238543E+00
    1.664415813E+01    5.017687529E+00    9.807684831E+00
    1.666300768E+01    5.019160559E+00    9.799359445E+00
    1.668185724E+01    5.020849234E+00    9.791252349E+00
    1.670070680E+01    5.022718688E+00    9.783348580E+00
    1.671955635E+01    5.024731219E+00    9.775628415E+00
    1.673840591E+01    5.026846902E+00    9.768067620E+00
    1.675725546E+01    5.029024229E+00    9.760637756E+00
    1.677610502E+01    5.031220767E+00    9.753306564E+00
    1.679495458E+01    5.033393822E+00    9.746038397E+00
    1.681380413E+01    5.035501104E+00    9.738794713E+00
    1.683265369E+01    5.037501376E+00    9.731534603E+00
    1.685150324E+01    5.039355072E+00    9.724215368E+00
    1.687035280E+01    5.041024897E+00    9.716793109E+00
    1.688920236E+01    5.042476379E+00    9.709223348E+00
    1.690805191E+01    5.043678370E+00    9.701461652E+00
    1.692690147E+01    5.044603506E+00    9.693464253E+00
    1.694575103E+01    5.045228600E+00    9.685188668E+00
    1.696460058E+01    5.045534975E+00    9.676594290E+00
    1.698345014E+01    5.045508735E+00    9.667642957E+00
    1.700229969E+01    5.045140965E+00    9.658299486E+00
    1.702114925E+01    5.044427860E+00    9.648532165E+00
    1.703999881E+01    5.043370785E+00    9.638313192E+00
    1.705884836E+01    5.041976264E+00    9.627619065E+00
    1.707769792E+01    5.040255889E+00    9.616430910E+00
    1.709654748E+01    5.038226173E+00    9.604734746E+00
    1.711539703E+01    5.035908313E+00    9.592521682E+00
    1.713424659E+01    5.033327902E+00    9.579788049E+00
    1.715309614E+01    5.030514563E+00    9.566535456E+00
    1.717194570E+01    5.027501532E+00    9.552770782E+00
    1.719079526E+01    5.024325169E+00    9.538506091E+00
    1.720964481E+01    5.021024435E+00    9.523758477E+00
    1.722849437E+01    5.017640303E+00    9.508549843E+00
    1.724734393E+01    5.014215148E+00    9.492906617E+00
    1.726619348E+01    5.010792093E+00    9.476859389E+00
    1.728504304E+01    5.007414343E+00    9.460442510E+00
    1.730389259E+01    5.004124500E+00    9.443693614E+00
    1.732274215E+01    5.000963888E+00    9.426653107E+00
    1.734159171E+01    4.997971876E+00    9.409363596E+00
    1.736044126E+01    4.995185237E+00    9.391869294E+00
    1.737929082E+01    4.992637532E+00    9.374215378E+00
    1.739814037E+01    4.990358544E+00    9.356447339E+00
    1.741698993E+01    4.988373776E+00    9.338610308E+00
    1.743583949E+01    4.986704003E+00    9.320748378E+00
    1.745468904E+01    4.985364917E+00    9.302903928E+00
    1.747353860E+01    4.984366847E+00    9.285116971E+00
    1.749238816E+01    4.983714576E+00    9.267424513E+00
    1.751123771E+01    4.983407250E+00    9.249859956E+00
    1.753008727E+01    4.983438385E+00    9.232452542E+00
    1.754893682E+01    4.983795978E+00    9.215226856E+00
    1.756778638E+01    4.984462704E+00    9.198202390E+00
    1.758663594E+01    4.985416212E+00    9.181393180E+00
    1.760548549E+01    4.986629501E+00    9.164807524E+00
    1.762433505E+01    4.988071380E+00    9.148447787E+00
    1.764318461E+01    4.989706986E+00    9.132310297E+00
    1.766203416E+01    4.991498371E+00    9.116385327E+00
    1.768088372E+01    4.993405126E+00    9.100657184E+00
    1.769973327E+01    4.995385047E+00    9.085104381E+00
    1.771858283E+01    4.997394815E+00    9.069699905E+00
    1.773743239E+01    4.999390692E+00    9.054411574E+00
    1.775628194E+01    5.001329218E+00    9.039202469E+00
    1.777513150E+01    5.003167892E+00    9.024031447E+00
    1.779398106E+01    5.004865826E+00    9.008853713E+00
    1.781283061E+01    5.006384381E+00    8.993621458E+00
    1.783168017E+01    5.007687746E+00    8.978284533E+00
    1.785052972E+01    5.008743483E+00    8.962791161E+00
    1.786937928E+01    5.009523009E+00    8.947088681E+00
    1.788822884E+01    5.010002020E+00    8.931124292E+00
    1.790707839E+01    5.010160853E+00    8.914845811E+00
    1.792592795E+01    5.009984773E+00    8.898202412E+00
    1.794477750E+01    5.009464198E+00    8.881145355E+00
    1.796362706E+01    5.008594838E+00    8.863628677E+00
    1.798247662E+01    5.007377771E+00    8.845609853E+00
    1.800132617E+01    5.005819432E+00    8.827050402E+00
    1.802017573E+01    5.003931530E+00    8.807916442E+00
    1.803902529E+01    5.001730892E+00    8.788179184E+00
    1.805787484E+01    4.999239229E+00    8.767815356E+00
    1.807672440E+01    4.996482824E+00    8.746807554E+00
    1.809557395E+01    4.993492163E+00    8.725144514E+00
    1.811442351E+01    4.990301487E+00    8.702821304E+00
    1.813327307E+01    4.986948288E+00    8.679839426E+00
    1.815212262E+01    4.983472751E+00    8.656206840E+00
    1.817097218E+01    4.979917145E+00    8.631937887E+00
    1.818982174E+01    4.976325167E+00    8.607053130E+00
    1.820867129E+01    4.972741266E+00    8.581579108E+00
    1.822752085E+01    4.969209932E+00    8.555547995E+00
    1.824637040E+01    4.965774981E+00    8.528997180E+00
    1.826521996E+01    4.962478839E+00    8.501968761E+00
    1.828406952E+01    4.959361838E+00    8.474508967E+00
    1.830291907E+01    4.956461534E+00    8.446667504E+00
    1.832176863E+01    4.953812073E+00    8.418496837E+00
    1.834061818E+01    4.951443594E+00    8.390051428E+00
    1.835946774E+01    4.949381708E+00    8.361386913E+00
    1.837831730E+01    4.947647044E+00    8.332559256E+00
    1.839716685E+01    4.946254882E+00    8.303623883E+00
    1.841601641E+01    4.945214873E+00    8.274634804E+00
    1.843486597E+01    4.944530866E+00    8.245643741E+00
    1.845371552E+01    4.944200829E+00    8.216699285E+00
    1.847256508E+01    4.944216881E+00    8.187846085E+00
    1.849141463E+01    4.944565427E+00    8.159124086E+00
    1.851026419E+01    4.945227389E+00    8.130567841E+00
    1.852911375E+01    4.946178538E+00    8.102205895E+00
    1.854796330E+01    4.947389920E+00    8.074060265E+00
    1.856681286E+01    4.948828348E+00    8.046146020E+00
    1.858566242E+01    4.950456982E+00    8.018470973E+00
    1.860451197E+01    4.952235948E+00    7.991035486E+00
    1.862336153E+01    4.954123022E+00    7.963832402E+00
    1.864221108E+01    4.956074331E+00    7.936847094E+00
    1.866106064E+01    4.958045084E+00    7.910057639E+00
    1.867991020E+01    4.959990305E+00    7.883435107E+00
    1.869875975E+01    4.961865564E+00    7.856943969E+00
    1.871760931E+01    4.963627687E+00    7.830542604E+00
    1.873645887E+01    4.965235445E+00    7.804183909E+00
    1.875530842E+01    4.966650196E+00    7.777815988E+00
    1.877415798E+01    4.967836489E+00    7.751382926E+00
    1.879300753E+01    4.968762610E+00    7.724825613E+00
    1.881185709E+01    4.969401068E+00    7.698082626E+00
    1.883070665E+01    4.969729012E+00    7.671091138E+00
    1.884955620E+01    4.969728581E+00    7.643787856E+00
