    0.000000000E+00    5.341888626E+00    1.054588863E+01
    1.884955592E-01    5.342023605E+00    1.054314530E+01
    3.769911184E-01    5.341974963E+00    1.053447832E+01
    5.654866776E-01    5.342641401E+00    1.052079161E+01
    7.539822369E-01    5.344643287E+00    1.050250440E+01
    9.424777961E-01    5.347623581E+00    1.047881864E+01
    1.130973355E+00    5.350674964E+00    1.044838190E+01
    1.319468915E+00    5.353380747E+00    1.041052228E+01
    1.507964474E+00    5.356275511E+00    1.036555035E+01
    1.696460033E+00    5.360220256E+00    1.031376626E+01
    1.884955592E+00    5.365422409E+00    1.025437975E+01
    2.073451151E+00    5.371214410E+00    1.018565063E+01
    2.261946711E+00    5.376819318E+00    1.010607630E+01
    2.450442270E+00    5.382215233E+00    1.001519094E+01
    2.638937829E+00    5.388130757E+00    9.913011508E+00
    2.827433388E+00    5.395200949E+00    9.798792857E+00
    3.015928947E+00    5.403243603E+00    9.670590902E+00
    3.204424507E+00    5.411453835E+00    9.526175091E+00
    3.392920066E+00    5.419271838E+00    9.364224740E+00
    3.581415625E+00    5.426947501E+00    9.184403667E+00
    3.769911184E+00    5.435194014E+00    8.986233138E+00
    3.958406744E+00    5.444333616E+00    8.768112578E+00
    4.146902303E+00    5.453876248E+00    8.527689324E+00
    4.335397862E+00    5.462971492E+00    8.263214468E+00
    4.523893421E+00    5.471216057E+00    7.974371806E+00
    4.712388980E+00    5.478938704E+00    7.661673498E+00
    4.900884540E+00    5.486672299E+00    7.325177090E+00
    5.089380099E+00    5.494391168E+00    6.964086968E+00
    5.277875658E+00    5.501320951E+00    6.577822077E+00
    5.466371217E+00    5.506497214E+00    6.167470965E+00
    5.654866776E+00    5.509453374E+00    5.736115613E+00
    5.843362336E+00    5.510297322E+00    5.287790362E+00
    6.031857895E+00    5.509080092E+00    4.826409687E+00
    6.220353454E+00    5.505078215E+00    4.356101992E+00
    6.408849013E+00    5.496664395E+00    3.882908424E+00
    6.597344573E+00    5.481780371E+00    3.416412596E+00
    6.785840132E+00    5.458348355E+00    2.970160413E+00
    6.974335691E+00    5.423988423E+00    2.561442844E+00
    7.162831250E+00    5.375221917E+00    2.212326661E+00
    7.351326809E+00    5.307478487E+00    1.953136987E+00
    7.539822369E+00    5.218238747E+00    1.825933032E+00
    7.728317928E+00    5.115053962E+00    1.876812644E+00
    7.916813487E+00    5.022530252E+00    2.121599632E+00
    8.105309046E+00    4.969872196E+00    2.508568509E+00
    8.293804605E+00    4.958438869E+00    2.943107819E+00
    8.482300165E+00    4.955786347E+00    3.366083512E+00
    8.670795724E+00    4.934794396E+00    3.792631513E+00
    8.859291283E+00    4.905138718E+00    4.263679521E+00
    9.047786842E+00    4.896026323E+00    4.772860493E+00
    9.236282402E+00    4.913056890E+00    5.264749954E+00
    9.424777961E+00    4.930352594E+00    5.700978627E+00
    9.613273520E+00    4.927203728E+00    6.099154788E+00
    9.801769079E+00    4.914375977E+00    6.498684338E+00
    9.990264638E+00    4.917040173E+00    6.904753721E+00
    1.017876020E+01    4.939110668E+00    7.283365818E+00
    1.036725576E+01    4.959098089E+00    7.607627713E+00
    1.055575132E+01    4.960779883E+00    7.889315406E+00
    1.074424688E+01    4.953809504E+00    8.159527310E+00
    1.093274243E+01    4.959041099E+00    8.428972012E+00
    1.112123799E+01    4.979751161E+00    8.678532190E+00
    1.130973355E+01    4.998354561E+00    8.887760490E+00
    1.149822911E+01    5.001132533E+00    9.061001542E+00
    1.168672467E+01    4.995615106E+00    9.220671436E+00
    1.187522023E+01    4.999409391E+00    9.380096562E+00
    1.206371579E+01    5.016406412E+00    9.530307944E+00
    1.225221135E+01    5.032471939E+00    9.654916367E+00
    1.244070691E+01    5.035082065E+00    9.751732875E+00
    1.262920247E+01    5.029235376E+00    9.835197308E+00
    1.281769803E+01    5.030037443E+00    9.919103275E+00
    1.300619359E+01    5.042571712E+00    1.000161845E+01
    1.319468915E+01    5.055819103E+00    1.007003110E+01
    1.338318470E+01    5.057884531E+00    1.011758833E+01
    1.357168026E+01    5.051194542E+00    1.015172296E+01
    1.376017582E+01    5.048671689E+00    1.018501397E+01
    1.394867138E+01    5.056632107E+00    1.022065324E+01
    1.413716694E+01    5.066930594E+00    1.024989144E+01
    1.432566250E+01    5.068249296E+00    1.026354814E+01
    1.451415806E+01    5.060669180E+00    1.026312583E+01
    1.470265362E+01    5.055021250E+00    1.025866672E+01
    1.489114918E+01    5.058551246E+00    1.025654908E+01
    1.507964474E+01    5.065713516E+00    1.025211774E+01
    1.526814030E+01    5.065965336E+00    1.023562828E+01
    1.545663586E+01    5.057482330E+00    1.020382833E+01
    1.564513141E+01    5.049080842E+00    1.016330177E+01
    1.583362697E+01    5.048467652E+00    1.012188360E+01
    1.602212253E+01    5.052294993E+00    1.007870017E+01
    1.621061809E+01    5.051024206E+00    1.002481667E+01
    1.639911365E+01    5.041511528E+00    9.953447466E+00
    1.658760921E+01    5.030760341E+00    9.867274315E+00
    1.677610477E+01    5.026461840E+00    9.774087539E+00
    1.696460033E+01    5.026926022E+00    9.676087240E+00
    1.715309589E+01    5.023741165E+00    9.565963377E+00
    1.734159145E+01    5.013088775E+00    9.434592381E+00
    1.753008701E+01    5.000530111E+00    9.280885571E+00
    1.771858257E+01    4.993367295E+00    9.111621610E+00
    1.790707813E+01    4.990952539E+00    8.931305858E+00
    1.809557368E+01    4.985984680E+00    8.734694438E+00
    1.828406924E+01    4.974596454E+00    8.511609140E+00
    1.847256480E+01    4.961401545E+00    8.258173667E+00
    1.866106036E+01    4.953081348E+00    7.980259922E+00
    1.884955592E+01    4.949449626E+00    7.684516480E+00
    1.903805148E+01    4.944235930E+00    7.368458650E+00
    1.922654704E+01    4.934085277E+00    7.022802361E+00
    1.941504260E+01    4.923168985E+00    6.643332276E+00
    1.960353816E+01    4.917452122E+00    6.236903870E+00
    1.979203372E+01    4.916851180E+00    5.813630117E+00
    1.998052928E+01    4.916193902E+00    5.375774821E+00
    2.016902484E+01    4.913181740E+00    4.918575478E+00
    2.035752040E+01    4.912077177E+00    4.442123521E+00
    2.054601595E+01    4.918516886E+00    3.958613118E+00
    2.073451151E+01    4.933208819E+00    3.485885373E+00
    2.092300707E+01    4.953394188E+00    3.037099855E+00
    2.111150263E+01    4.979656947E+00    2.621516823E+00
    2.129999819E+01    5.018744980E+00    2.256243991E+00
    2.148849375E+01    5.079098209E+00    1.975211503E+00
    2.167698931E+01    5.163954998E+00    1.825985296E+00
    2.186548487E+01    5.266150725E+00    1.853950055E+00
    2.205398043E+01    5.366003081E+00    2.073839307E+00
    2.224247599E+01    5.438369300E+00    2.445929285E+00
    2.243097155E+01    5.470039812E+00    2.890010664E+00
    2.261946711E+01    5.472135804E+00    3.334247377E+00
    2.280796267E+01    5.472336027E+00    3.759197345E+00
    2.299645822E+01    5.490097961E+00    4.195896606E+00
    2.318495378E+01    5.518799447E+00    4.675625855E+00
    2.337344934E+01    5.535187589E+00    5.184044470E+00
    2.356194490E+01    5.525171928E+00    5.670164611E+00
    2.375044046E+01    5.498928155E+00    6.096214665E+00
    2.393893602E+01    5.481362119E+00    6.472924827E+00
    2.412743158E+01    5.486475485E+00    6.843047149E+00
    2.431592714E+01    5.502463779E+00    7.230464768E+00
    2.450442270E+01    5.505069160E+00    7.612731525E+00
    2.469291826E+01    5.483622574E+00    7.947413290E+00
    2.488141382E+01    5.452336302E+00    8.219422539E+00
    2.506990938E+01    5.435849127E+00    8.456725669E+00
    2.525840493E+01    5.442585374E+00    8.698064504E+00
    2.544690049E+01    5.455401352E+00    8.949467579E+00
    2.563539605E+01    5.450923181E+00    9.180251195E+00
    2.582389161E+01    5.424863812E+00    9.361201686E+00
    2.601238717E+01    5.396680388E+00    9.498917006E+00
    2.620088273E+01    5.388687739E+00    9.628122814E+00
    2.638937829E+01    5.400935465E+00    9.771913615E+00
    2.657787385E+01    5.411321969E+00    9.916892821E+00
    2.676636941E+01    5.400739752E+00    1.003214621E+01
    2.695486497E+01    5.373900093E+00    1.010745971E+01
    2.714336053E+01    5.354184656E+00    1.016549652E+01
    2.733185609E+01    5.357480635E+00    1.023504954E+01
    2.752035165E+01    5.373864679E+00    1.031780665E+01
    2.770884720E+01    5.379473968E+00    1.038852378E+01
    2.789734276E+01    5.363591175E+00    1.042711509E+01
    2.808583832E+01    5.340244637E+00    1.044309672E+01
    2.827433388E+01    5.332490965E+00    1.046390453E+01
    2.846282944E+01    5.345905387E+00    1.050199283E+01
    2.865132500E+01    5.362329291E+00    1.054080411E+01
    2.883982056E+01    5.361314273E+00    1.055607565E+01
    2.902831612E+01    5.343002949E+00    1.054558684E+01
    2.921681168E+01    5.327669054E+00    1.053153347E+01
    2.940530724E+01    5.332629174E+00    1.053324658E+01
    2.959380280E+01    5.352177945E+00    1.054374692E+01
    2.978229836E+01    5.364760752E+00    1.053869982E+01
    2.997079392E+01    5.357862466E+00    1.050605979E+01
    3.015928947E+01    5.341640044E+00    1.046029357E+01
    3.034778503E+01    5.337305920E+00    1.042426751E+01
    3.053628059E+01    5.352809925E+00    1.040078614E+01
    3.072477615E+01    5.373904671E+00    1.036873322E+01
    3.091327171E+01    5.381088134E+00    1.030821329E+01
    3.110176727E+01    5.371421990E+00    1.022388064E+01
    3.129026283E+01    5.361376032E+00    1.013864276E+01
    3.147875839E+01    5.368243020E+00    1.006496859E+01
    3.166725395E+01    5.390468873E+00    9.988453858E+00
    3.185574951E+01    5.409903641E+00    9.883905215E+00
    3.204424507E+01    5.412538707E+00    9.744253225E+00
    3.223274063E+01    5.403557445E+00    9.587981875E+00
    3.242123619E+01    5.401325115E+00    9.436111277E+00
    3.260973174E+01    5.416932130E+00    9.285341970E+00
    3.279822730E+01    5.441884672E+00    9.109905233E+00
    3.298672286E+01    5.458037411E+00    8.890265939E+00
    3.317521842E+01    5.457418385E+00    8.634722341E+00
    3.336371398E+01    5.450309077E+00    8.369055079E+00
    3.355220954E+01    5.453933001E+00    8.105446377E+00
    3.374070510E+01    5.473585921E+00    7.826449136E+00
    3.392920066E+01    5.496936541E+00    7.503780410E+00
    3.411769622E+01    5.507604179E+00    7.130272732E+00
    3.430619178E+01    5.502209946E+00    6.728501660E+00
    3.449468734E+01    5.493379608E+00    6.326529426E+00
    3.468318290E+01    5.496136126E+00    5.927127518E+00
    3.487167845E+01    5.511516312E+00    5.505774995E+00
    3.506017401E+01    5.525180639E+00    5.040972407E+00
    3.524866957E+01    5.522195618E+00    4.542512434E+00
    3.543716513E+01    5.501604654E+00    4.046779924E+00
    3.562566069E+01    5.476288936E+00    3.584606672E+00
    3.581415625E+01    5.458181096E+00    3.156482888E+00
    3.600265181E+01    5.443419746E+00    2.744339425E+00
    3.619114737E+01    5.413378792E+00    2.348971338E+00
    3.637964293E+01    5.350314571E+00    2.013675015E+00
    3.656813849E+01    5.252319045E+00    1.812745991E+00
    3.675663405E+01    5.137939695E+00    1.813045184E+00
    3.694512961E+01    5.040193764E+00    2.025288411E+00
    3.713362517E+01    4.986389609E+00    2.383139065E+00
    3.732212072E+01    4.971182359E+00    2.790227037E+00
    3.751061628E+01    4.961003453E+00    3.197090250E+00
    3.769911184E+01    4.934081472E+00    3.623814894E+00
    3.788760740E+01    4.904291562E+00    4.103223914E+00
    3.807610296E+01    4.898078396E+00    4.616899090E+00
    3.826459852E+01    4.914977209E+00    5.107771399E+00
    3.845309408E+01    4.928166944E+00    5.545980789E+00
    3.864158964E+01    4.921699899E+00    5.955085239E+00
    3.883008520E+01    4.909992156E+00    6.370115368E+00
    3.901858076E+01    4.915858297E+00    6.787530936E+00
    3.920707632E+01    4.938268267E+00    7.171397840E+00
    3.939557188E+01    4.955177453E+00    7.500895537E+00
    3.958406744E+01    4.954483727E+00    7.793082648E+00
    3.977256299E+01    4.948867170E+00    8.077000730E+00
    3.996105855E+01    4.957129256E+00    8.357115848E+00
    4.014955411E+01    4.978370289E+00    8.611977533E+00
    4.033804967E+01    4.994497871E+00    8.825002959E+00
    4.052654523E+01    4.995293149E+00    9.005110498E+00
    4.071504079E+01    4.990979216E+00    9.174441050E+00
    4.090353635E+01    4.997554835E+00    9.342016263E+00
    4.109203191E+01    5.015280998E+00    9.496176098E+00
    4.128052747E+01    5.029324309E+00    9.622520296E+00
    4.146902303E+01    5.030072136E+00    9.722671029E+00
    4.165751859E+01    5.025084191E+00    9.812067673E+00
    4.184601415E+01    5.028386750E+00    9.901787137E+00
    4.203450971E+01    5.041864417E+00    9.987168854E+00
    4.222300526E+01    5.053494773E+00    1.005596302E+01
    4.241150082E+01    5.053719215E+00    1.010435169E+01
    4.259999638E+01    5.047467946E+00    1.014156790E+01
    4.278849194E+01    5.047131734E+00    1.017884180E+01
    4.297698750E+01    5.056229391E+00    1.021671255E+01
    4.316548306E+01    5.065303086E+00    1.024573424E+01
    4.335397862E+01    5.064807310E+00    1.025868618E+01
    4.354247418E+01    5.057253566E+00    1.025923607E+01
    4.373096974E+01    5.053447531E+00    1.025724277E+01
    4.391946530E+01    5.058247381E+00    1.025690098E+01
    4.410796086E+01    5.064555221E+00    1.025208117E+01
    4.429645642E+01    5.063069819E+00    1.023399376E+01
    4.448495197E+01    5.054267003E+00    1.020153619E+01
    4.467344753E+01    5.047352755E+00    1.016203681E+01
    4.486194309E+01    5.048056897E+00    1.012182090E+01
    4.505043865E+01    5.051348028E+00    1.007812894E+01
    4.523893421E+01    5.048471002E+00    1.002203769E+01
    4.542742977E+01    5.038395606E+00    9.948603084E+00
    4.561592533E+01    5.028804476E+00    9.861912606E+00
    4.580442089E+01    5.025788215E+00    9.769008427E+00
    4.599291645E+01    5.025954331E+00    9.670105533E+00
    4.618141201E+01    5.021329442E+00    9.557105921E+00
    4.636990757E+01    5.009993752E+00    9.422246889E+00
    4.655840313E+01    4.998339327E+00    9.266254353E+00
    4.674689869E+01    4.992369655E+00    9.095897520E+00
    4.693539424E+01    4.989809423E+00    8.913820606E+00
    4.712388980E+01    4.983589015E+00    8.713393871E+00
    4.731238536E+01    4.971530670E+00    8.485293084E+00
    4.750088092E+01    4.959098070E+00    8.227681147E+00
    4.768937648E+01    4.951877824E+00    7.947056887E+00
    4.787787204E+01    4.948201719E+00    7.648456532E+00
    4.806636760E+01    4.941963601E+00    7.327656567E+00
    4.825486316E+01    4.931311130E+00    6.975849936E+00
    4.844335872E+01    4.921172844E+00    6.590995952E+00
    4.863185428E+01    4.916538915E+00    6.181066280E+00
    4.882034984E+01    4.916049749E+00    5.754872408E+00
    4.900884540E+01    4.914739315E+00    5.312883433E+00
    4.919734096E+01    4.911641035E+00    4.850684004E+00
    4.938583651E+01    4.911632550E+00    4.370652582E+00
    4.957433207E+01    4.919511174E+00    3.886492027E+00
    4.976282763E+01    4.935017497E+00    3.415271668E+00
    4.995132319E+01    4.955739471E+00    2.968856474E+00
    5.013981875E+01    4.983519221E+00    2.557284197E+00
    5.032831431E+01    5.025775282E+00    2.200606939E+00
    5.051680987E+01    5.090378814E+00    1.935694472E+00
    5.070530543E+01    5.179222589E+00    1.811161775E+00
    5.089380099E+01    5.283332440E+00    1.870061119E+00
    5.108229655E+01    5.381287769E+00    2.120012935E+00
    5.127079211E+01    5.448131584E+00    2.512591303E+00
    5.145928767E+01    5.473680409E+00    2.964049394E+00
    5.164778323E+01    5.472876023E+00    3.407364644E+00
    5.183627878E+01    5.474526257E+00    3.832398788E+00
    5.202477434E+01    5.495128524E+00    4.275273990E+00
    5.221326990E+01    5.524017561E+00    4.763255466E+00
    5.240176546E+01    5.537044449E+00    5.274134586E+00
    5.259026102E+01    5.523018693E+00    5.754321717E+00
    5.277875658E+01    5.495797257E+00    6.171453577E+00
    5.296725214E+01    5.480976769E+00    6.543917747E+00
    5.315574770E+01    5.489314918E+00    6.916124993E+00
    5.334424326E+01    5.505327503E+00    7.305993328E+00
    5.353273882E+01    5.504619667E+00    7.684663096E+00
    5.372123438E+01    5.479896171E+00    8.010071225E+00
    5.390972994E+01    5.448777036E+00    8.273596666E+00
    5.409822549E+01    5.435706731E+00    8.508518879E+00
    5.428672105E+01    5.445321324E+00    8.751811612E+00
    5.447521661E+01    5.457356322E+00    9.002948172E+00
    5.466371217E+01    5.449378383E+00    9.227709409E+00
    5.485220773E+01    5.420938871E+00    9.400205281E+00
    5.504070329E+01    5.394189072E+00    9.533126233E+00
    5.522919885E+01    5.389943622E+00    9.663022378E+00
    5.541769441E+01    5.404123160E+00    9.808537825E+00
    5.560618997E+01    5.412649740E+00    9.951022197E+00
    5.579468553E+01    5.398658796E+00    1.005967867E+01
    5.598318109E+01    5.370770153E+00    1.012933771E+01
    5.617167665E+01    5.353700394E+00    1.018654947E+01
    5.636017221E+01    5.360454662E+00    1.025827754E+01
    5.654866776E+01    5.377342288E+00    1.034099668E+01
    5.673716332E+01    5.380205085E+00    1.040719776E+01
    5.692565888E+01    5.361621675E+00    1.044000519E+01
    5.711415444E+01    5.338842374E+00    1.045358345E+01
    5.730265000E+01    5.334454253E+00    1.047585081E+01
    5.749114556E+01    5.350326042E+00    1.051506617E+01
    5.767964112E+01    5.365765648E+00    1.055096621E+01
    5.786813668E+01    5.361758038E+00    1.056047170E+01
    5.805663224E+01    5.342056106E+00    1.054583935E+01
    5.824512780E+01    5.328728281E+00    1.053155869E+01
    5.843362336E+01    5.336980173E+00    1.053428481E+01
    5.862211892E+01    5.357569722E+00    1.054268939E+01
    5.881061448E+01    5.368129149E+00    1.053166589E+01
    5.899911003E+01    5.358758373E+00    1.049277198E+01
    5.918760559E+01    5.342660423E+00    1.044402908E+01
    5.937610115E+01    5.341143994E+00    1.040745487E+01
    5.956459671E+01    5.359173765E+00    1.038159238E+01
    5.975309227E+01    5.379982682E+00    1.034279616E+01
    5.994158783E+01    5.384807065E+00    1.027330735E+01
    6.013008339E+01    5.373668347E+00    1.018193526E+01
    6.031857895E+01    5.364951070E+00    1.009273498E+01
    6.050707451E+01    5.374693179E+00    1.001482767E+01
    6.069557007E+01    5.398386037E+00    9.929929630E+00
    6.088406563E+01    5.416642041E+00    9.812999491E+00
    6.107256119E+01    5.417124895E+00    9.660864050E+00
    6.126105675E+01    5.407636600E+00    9.495040813E+00
    6.144955230E+01    5.407293251E+00    9.335074601E+00
    6.163804786E+01    5.425258112E+00    9.173328743E+00
    6.182654342E+01    5.450656930E+00    8.981943952E+00
    6.201503898E+01    5.465113433E+00    8.743947604E+00
    6.220353454E+01    5.462615830E+00    8.471918340E+00
    6.239203010E+01    5.455447651E+00    8.192827369E+00
    6.258052566E+01    5.460777566E+00    7.915630359E+00
    6.276902122E+01    5.481868079E+00    7.619086510E+00
    6.295751678E+01    5.504633538E+00    7.275137245E+00
    6.314601234E+01    5.512998510E+00    6.880818754E+00
    6.333450790E+01    5.505450429E+00    6.462539628E+00
    6.352300346E+01    5.496080522E+00    6.047997462E+00
    6.371149901E+01    5.499438342E+00    5.636271409E+00
    6.389999457E+01    5.514599922E+00    5.200639863E+00
    6.408849013E+01    5.525800375E+00    4.722142705E+00
    6.427698569E+01    5.518503858E+00    4.215919747E+00
    6.446548125E+01    5.493304756E+00    3.721901331E+00
    6.465397681E+01    5.463966748E+00    3.270377006E+00
    6.484247237E+01    5.441302880E+00    2.859868876E+00
    6.503096793E+01    5.418893843E+00    2.474111065E+00
    6.521946349E+01    5.376184341E+00    2.121810379E+00
    6.540795905E+01    5.296036531E+00    1.858208430E+00
    6.559645461E+01    5.181698508E+00    1.767893158E+00
    6.578495017E+01    5.063526020E+00    1.909809837E+00
    6.597344573E+01    4.985632513E+00    2.251516257E+00
    6.616194128E+01    4.965077083E+00    2.678035714E+00
    6.635043684E+01    4.967860360E+00    3.092795904E+00
    6.653893240E+01    4.949853630E+00    3.495948165E+00
    6.672742796E+01    4.910133719E+00    3.948404862E+00
    6.691592352E+01    4.887120811E+00    4.467577362E+00
    6.710441908E+01    4.902147162E+00    4.990586881E+00
    6.729291464E+01    4.928417934E+00    5.451063408E+00
    6.748141020E+01    4.930376979E+00    5.854607593E+00
    6.766990576E+01    4.910769285E+00    6.256428661E+00
    6.785840132E+01    4.903650792E+00    6.681349473E+00
    6.804689688E+01    4.925732766E+00    7.092381167E+00
    6.823539244E+01    4.954059955E+00    7.443325678E+00
    6.842388800E+01    4.960266000E+00    7.736176989E+00
    6.861238355E+01    4.948042628E+00    8.011818016E+00
    6.880087911E+01    4.945795410E+00    8.295589540E+00
    6.898937467E+01    4.966990268E+00    8.568991034E+00
    6.917787023E+01    4.992777055E+00    8.799350242E+00
    6.936636579E+01    4.999610548E+00    8.982450914E+00
    6.955486135E+01    4.990060372E+00    9.145288349E+00
    6.974335691E+01    4.987693757E+00    9.311866492E+00
    6.993185247E+01    5.004869521E+00    9.476517141E+00
    7.012034803E+01    5.026929409E+00    9.615880479E+00
    7.030884359E+01    5.033369180E+00    9.720118628E+00
    7.049733915E+01    5.024552973E+00    9.804299989E+00
    7.068583471E+01    5.019984740E+00    9.889592925E+00
    7.087433026E+01    5.032057443E+00    9.979007878E+00
    7.106282582E+01    5.050153414E+00    1.005679801E+01
    7.125132138E+01    5.055922588E+00    1.010971965E+01
    7.143981694E+01    5.047207267E+00    1.014310390E+01
    7.162831250E+01    5.039896606E+00    1.017395629E+01
    7.181680806E+01    5.046701312E+00    1.021079360E+01
    7.200530362E+01    5.060753643E+00    1.024480061E+01
    7.219379918E+01    5.065614855E+00    1.026184915E+01
    7.238229474E+01    5.056817619E+00    1.025970055E+01
    7.257079030E+01    5.046919218E+00    1.025018419E+01
    7.275928586E+01    5.048714043E+00    1.024461566E+01
    7.294778142E+01    5.058614248E+00    1.024040416E+01
    7.313627698E+01    5.062137130E+00    1.022466268E+01
    7.332477253E+01    5.053063035E+00    1.018968997E+01
    7.351326809E+01    5.040948962E+00    1.014160981E+01
    7.370176365E+01    5.038229597E+00    1.009218928E+01
    7.389025921E+01    5.043921457E+00    1.004396766E+01
    7.407875477E+01    5.045540820E+00    9.986709444E+00
    7.426725033E+01    5.035850653E+00    9.909202269E+00
    7.445574589E+01    5.021916751E+00    9.811916891E+00
    7.464424145E+01    5.015398311E+00    9.705257760E+00
    7.483273701E+01    5.017087016E+00    9.595516693E+00
    7.502123257E+01    5.016380290E+00    9.475748119E+00
    7.520972813E+01    5.005787372E+00    9.332919261E+00
    7.539822369E+01    4.990581934E+00    9.162555885E+00
    7.558671925E+01    4.981391798E+00    8.972772462E+00
    7.577521480E+01    4.979913397E+00    8.772406287E+00
    7.596371036E+01    4.977141086E+00    8.557957031E+00
    7.615220592E+01    4.966027177E+00    8.316152339E+00
    7.634070148E+01    4.950850888E+00    8.039219523E+00
    7.652919704E+01    4.941120009E+00    7.733521954E+00
    7.671769260E+01    4.938665427E+00    7.410183976E+00
    7.690618816E+01    4.935771982E+00    7.069601964E+00
    7.709468372E+01    4.926438762E+00    6.700448302E+00
    7.728317928E+01    4.914680925E+00    6.294899860E+00
    7.747167484E+01    4.908912892E+00    5.860226766E+00
    7.766017040E+01    4.910678659E+00    5.411370467E+00
    7.784866596E+01    4.913571786E+00    4.954573591E+00
    7.803716152E+01    4.913280696E+00    4.484539229E+00
    7.822565707E+01    4.914281845E+00    3.999139306E+00
    7.841415263E+01    4.924581948E+00    3.512091481E+00
    7.860264819E+01    4.946689067E+00    3.047557937E+00
    7.879114375E+01    4.977656091E+00    2.625795301E+00
    7.897963931E+01    5.017471740E+00    2.260904766E+00
    7.916813487E+01    5.073620131E+00    1.974739700E+00
    7.935663043E+01    5.154997868E+00    1.809637267E+00
    7.954512599E+01    5.259787229E+00    1.820201626E+00
    7.973362155E+01    5.367656392E+00    2.035960945E+00
    7.992211711E+01    5.447485249E+00    2.421386119E+00
    8.011061267E+01    5.480305521E+00    2.885698984E+00
    8.029910823E+01    5.476978881E+00    3.342087977E+00
    8.048760378E+01    5.471060031E+00    3.765443105E+00
    8.067609934E+01    5.488510820E+00    4.195858113E+00
    8.086459490E+01    5.522899044E+00    4.678334025E+00
    8.105309046E+01    5.544877026E+00    5.201414343E+00
    8.124158602E+01    5.534551475E+00    5.703617445E+00
    8.143008158E+01    5.502258133E+00    6.135131794E+00
    8.161857714E+01    5.479061307E+00    6.505807241E+00
    8.180707270E+01    5.484880989E+00    6.869576414E+00
    8.199556826E+01    5.506978999E+00    7.260897856E+00
    8.218406382E+01    5.514501588E+00    7.655447863E+00
    8.237255938E+01    5.491595881E+00    7.999395262E+00
    8.256105494E+01    5.453888156E+00    8.269706092E+00
    8.274955050E+01    5.432850611E+00    8.498382382E+00
    8.293804605E+01    5.441873078E+00    8.735427606E+00
    8.312654161E+01    5.461202720E+00    8.992253596E+00
    8.331503717E+01    5.460427343E+00    9.231873263E+00
    8.350353273E+01    5.431356866E+00    9.415055282E+00
    8.369202829E+01    5.396718359E+00    9.546120323E+00
    8.388052385E+01    5.386065261E+00    9.667514530E+00
    8.406901941E+01    5.402496142E+00    9.810801686E+00
    8.425751497E+01    5.419259238E+00    9.961831017E+00
    8.444601053E+01    5.410411565E+00    1.008113588E+01
    8.463450609E+01    5.378953607E+00    1.015255138E+01
    8.482300165E+01    5.353574813E+00    1.020214591E+01
    8.501149721E+01    5.356820067E+00    1.026713118E+01
    8.519999277E+01    5.378973586E+00    1.035240171E+01
    8.538848832E+01    5.389882758E+00    1.042705704E+01
    8.557698388E+01    5.373296481E+00    1.046362069E+01
    8.576547944E+01    5.344345502E+00    1.047131025E+01
    8.595397500E+01    5.332787712E+00    1.048447341E+01
    8.614247056E+01    5.348924419E+00    1.052111961E+01
    8.633096612E+01    5.371779325E+00    1.056210879E+01
    8.651946168E+01    5.374107804E+00    1.057576180E+01
    8.670795724E+01    5.352830086E+00    1.055660904E+01
    8.689645280E+01    5.332025362E+00    1.053159419E+01
    8.708494836E+01    5.335792568E+00    1.052687382E+01
    8.727344392E+01    5.360287011E+00    1.053585750E+01
    8.746193948E+01    5.378860277E+00    1.052764940E+01
    8.765043504E+01    5.372966512E+00    1.048459402E+01
    8.783893059E+01    5.352273157E+00    1.042320155E+01
    8.802742615E+01    5.343662652E+00    1.037356665E+01
    8.821592171E+01    5.360643544E+00    1.034192067E+01
    8.840441727E+01    5.387941662E+00    1.030233293E+01
    8.859291283E+01    5.399866592E+00    1.022747536E+01
    8.878140839E+01    5.389027981E+00    1.012066789E+01
    8.896990395E+01    5.373874384E+00    1.001126293E+01
    8.915839951E+01    5.378132602E+00    9.918257780E+00
    8.934689507E+01    5.403918943E+00    9.825629254E+00
    8.953539063E+01    5.429840511E+00    9.699979969E+00
    8.972388619E+01    5.435556840E+00    9.528874410E+00
    8.991238175E+01    5.423541510E+00    9.334553575E+00
    9.010087730E+01    5.415952121E+00    9.146914472E+00
    9.028937286E+01    5.430268888E+00    8.966209724E+00
    9.047786842E+01    5.459840990E+00    8.760313556E+00
    9.066636398E+01    5.481850890E+00    8.500629163E+00
    9.085485954E+01    5.482271926E+00    8.194124279E+00
    9.104335510E+01    5.470128041E+00    7.875130437E+00
    9.123185066E+01    5.467607852E+00    7.565455864E+00
    9.142034622E+01    5.486041932E+00    7.247639880E+00
    9.160884178E+01    5.513517077E+00    6.883982824E+00
    9.179733734E+01    5.528054070E+00    6.459779709E+00
    9.198583290E+01    5.520488294E+00    6.001352542E+00
    9.217432846E+01    5.503213411E+00    5.549521702E+00
    9.236282402E+01    5.496919313E+00    5.116720796E+00
    9.255131957E+01    5.508156724E+00    4.675755296E+00
    9.273981513E+01    5.521625576E+00    4.195181877E+00
    9.292831069E+01    5.515639622E+00    3.681348920E+00
    9.311680625E+01    5.483007722E+00    3.181185190E+00
    9.330530181E+01    5.436224484E+00    2.744525953E+00
    9.349379737E+01    5.392031016E+00    2.386244590E+00
    9.368229293E+01    5.350051081E+00    2.091966251E+00
    9.387078849E+01    5.289321644E+00    1.865606318E+00
    9.405928405E+01    5.190060927E+00    1.766979996E+00
    9.424777961E+01    5.064071454E+00    1.886792064E+00
    9.443627517E+01    4.963854839E+00    2.245932018E+00
    9.462477073E+01    4.936101508E+00    2.730774320E+00
    9.481326629E+01    4.956794619E+00    3.192618662E+00
    9.500176184E+01    4.958323629E+00    3.594292563E+00
    9.519025740E+01    4.915950595E+00    4.018665189E+00
    9.537875296E+01    4.874205933E+00    4.534130102E+00
    9.556724852E+01    4.882467015E+00    5.089402926E+00
    9.575574408E+01    4.922999687E+00    5.579734282E+00
    9.594423964E+01    4.939856594E+00    5.978420045E+00
    9.613273520E+01    4.916499410E+00    6.353517881E+00
    9.632123076E+01    4.893573577E+00    6.767228914E+00
    9.650972632E+01    4.910713538E+00    7.194511180E+00
    9.669822188E+01    4.950996102E+00    7.564036057E+00
    9.688671744E+01    4.968866375E+00    7.852628662E+00
    9.707521300E+01    4.952757068E+00    8.106206329E+00
    9.726370856E+01    4.937147918E+00    8.375701782E+00
    9.745220411E+01    4.954151796E+00    8.655059363E+00
    9.764069967E+01    4.989719323E+00    8.897455852E+00
    9.782919523E+01    5.006239867E+00    9.078999361E+00
    9.801769079E+01    4.993486609E+00    9.225264608E+00
    9.820618635E+01    4.979646555E+00    9.376695943E+00
    9.839468191E+01    4.992514369E+00    9.540400707E+00
    9.858317747E+01    5.022270282E+00    9.687268806E+00
    9.877167303E+01    5.037192894E+00    9.792366799E+00
    9.896016859E+01    5.026266022E+00    9.864802394E+00
    9.914866415E+01    5.011779102E+00    9.934947734E+00
    9.933715971E+01    5.019041504E+00    1.001800720E+01
    9.952565527E+01    5.042836180E+00    1.009866152E+01
    9.971415082E+01    5.056180433E+00    1.015296449E+01
    9.990264638E+01    5.046509172E+00    1.017770203E+01
    1.000911419E+02    5.030685452E+00    1.019320738E+01
    1.002796375E+02    5.032166553E+00    1.021848453E+01
    1.004681331E+02    5.050046053E+00    1.024938156E+01
    1.006566286E+02    5.061565221E+00    1.026540961E+01
    1.008451242E+02    5.052766911E+00    1.025494034E+01
    1.010336197E+02    5.035669027E+00    1.022845152E+01
    1.012221153E+02    5.031851128E+00    1.020512489E+01
    1.014106109E+02    5.043943639E+00    1.018952107E+01
    1.015991064E+02    5.053094384E+00    1.016645694E+01
    1.017876020E+02    5.044615026E+00    1.011937065E+01
    1.019760975E+02    5.026490811E+00    1.004956662E+01
    1.021645931E+02    5.018215868E+00    9.973596553E+00
    1.023530887E+02    5.024865339E+00    9.902160003E+00
    1.025415842E+02    5.031050536E+00    9.826194217E+00
    1.027300798E+02    5.022184211E+00    9.727055663E+00
    1.029185753E+02    5.003295181E+00    9.598156111E+00
    1.031070709E+02    4.991707857E+00    9.451724595E+00
    1.032955665E+02    4.993723727E+00    9.302207286E+00
    1.034840620E+02    4.996738144E+00    9.146516632E+00
    1.036725576E+02    4.987048850E+00    8.966059995E+00
    1.038610531E+02    4.967979684E+00    8.748309317E+00
    1.040495487E+02    4.954817511E+00    8.501047013E+00
    1.042380442E+02    4.953932262E+00    8.240952168E+00
    1.044265398E+02    4.954701704E+00    7.970395621E+00
    1.046150354E+02    4.944972741E+00    7.672646975E+00
    1.048035309E+02    4.927596525E+00    7.332303049E+00
    1.049920265E+02    4.916063242E+00    6.954783480E+00
    1.051805220E+02    4.915900838E+00    6.559234097E+00
    1.053690176E+02    4.917876835E+00    6.153686784E+00
    1.055575132E+02    4.911992652E+00    5.725924615E+00
    1.057460087E+02    4.901592090E+00    5.262693652E+00
    1.059345043E+02    4.898653415E+00    4.771702336E+00
    1.061229998E+02    4.907752164E+00    4.277174534E+00
    1.063114954E+02    4.921528256E+00    3.795625952E+00
    1.064999910E+02    4.933303095E+00    3.325681979E+00
    1.066884865E+02    4.948303815E+00    2.865865285E+00
    1.068769821E+02    4.979225441E+00    2.436704537E+00
    1.070654776E+02    5.033941211E+00    2.080547808E+00
    1.072539732E+02    5.111730733E+00    1.844369860E+00
    1.074424688E+02    5.207929916E+00    1.768761391E+00
    1.076309643E+02    5.313179224E+00    1.882446097E+00
    1.078194599E+02    5.407965122E+00    2.181908596E+00
    1.080079554E+02    5.469197705E+00    2.612595168E+00
    1.081964510E+02    5.488929778E+00    3.089478715E+00
    1.083849465E+02    5.484371537E+00    3.549102986E+00
    1.085734421E+02    5.485102144E+00    3.987465278E+00
    1.087619377E+02    5.506107955E+00    4.444383263E+00
    1.089504332E+02    5.534420637E+00    4.945396445E+00
    1.091389288E+02    5.545076876E+00    5.464039308E+00
    1.093274243E+02    5.528134199E+00    5.945240831E+00
    1.095159199E+02    5.499418773E+00    6.359780192E+00
    1.097044155E+02    5.485234842E+00    6.730700788E+00
    1.098929110E+02    5.494961651E+00    7.103787650E+00
    1.100814066E+02    5.511122011E+00    7.493905154E+00
    1.102699021E+02    5.508817195E+00    7.868666083E+00
    1.104583977E+02    5.482129635E+00    8.186219022E+00
    1.106468933E+02    5.450517289E+00    8.441690073E+00
    1.108353888E+02    5.438808624E+00    8.671542684E+00
    1.110238844E+02    5.450085560E+00    8.911899094E+00
    1.112123799E+02    5.462339177E+00    9.158587556E+00
    1.114008755E+02    5.453069005E+00    9.375420974E+00
    1.115893711E+02    5.423393132E+00    9.538489434E+00
    1.117778666E+02    5.397020338E+00    9.664062940E+00
    1.119663622E+02    5.394618662E+00    9.789722559E+00
    1.121548577E+02    5.410404781E+00    9.931437589E+00
    1.123433533E+02    5.419010120E+00    1.006745338E+01
    1.125318489E+02    5.404022023E+00    1.016710440E+01
    1.127203444E+02    5.375662761E+00    1.022830563E+01
    1.129088400E+02    5.359697665E+00    1.027992292E+01
    1.130973355E+02    5.368475877E+00    1.034766299E+01
    1.132858311E+02    5.386746394E+00    1.042465429E+01
    1.134743266E+02    5.389657044E+00    1.048190832E+01
    1.136628222E+02    5.370562195E+00    1.050454769E+01
    1.138513178E+02    5.348049375E+00    1.050970807E+01
    1.140398133E+02    5.345205233E+00    1.052560883E+01
    1.142283089E+02    5.363076293E+00    1.055765696E+01
    1.144168044E+02    5.379828333E+00    1.058287708E+01
    1.146053000E+02    5.376160379E+00    1.057864832E+01
    1.147937956E+02    5.356525608E+00    1.055011055E+01
    1.149822911E+02    5.343933416E+00    1.052351507E+01
    1.151707867E+02    5.353880410E+00    1.051387682E+01
    1.153592822E+02    5.376549134E+00    1.050653513E+01
    1.155477778E+02    5.388748089E+00    1.047500957E+01
    1.157362734E+02    5.380207724E+00    1.041272023E+01
    1.159247689E+02    5.364484683E+00    1.034040021E+01
    1.161132645E+02    5.363729646E+00    1.028027496E+01
    1.163017600E+02    5.383526323E+00    1.022801414E+01
    1.164902556E+02    5.406843043E+00    1.015694640E+01
    1.166787512E+02    5.413889803E+00    1.004915603E+01
    1.168672467E+02    5.403769369E+00    9.915974033E+00
    1.170557423E+02    5.395025990E+00    9.783644071E+00
    1.172442378E+02    5.405057384E+00    9.660432584E+00
    1.174327334E+02    5.430602082E+00    9.524681858E+00
    1.176212290E+02    5.451899550E+00    9.348770918E+00
    1.178097245E+02    5.454758066E+00    9.130216891E+00
    1.179982201E+02    5.445395919E+00    8.893698822E+00
    1.181867156E+02    5.443424083E+00    8.661200935E+00
    1.183752112E+02    5.460402846E+00    8.424188838E+00
    1.185637067E+02    5.487169481E+00    8.151431381E+00
    1.187522023E+02    5.504245066E+00    7.823857564E+00
    1.189406979E+02    5.502576010E+00    7.455966816E+00
    1.191291934E+02    5.492461591E+00    7.079825169E+00
    1.193176890E+02    5.492422863E+00    6.708803295E+00
    1.195061845E+02    5.509212189E+00    6.321966301E+00
    1.196946801E+02    5.530389203E+00    5.888549093E+00
    1.198831757E+02    5.537527985E+00    5.404787900E+00
    1.200716712E+02    5.524835751E+00    4.901859357E+00
    1.202601668E+02    5.504246820E+00    4.416766501E+00
    1.204486623E+02    5.492325009E+00    3.957241693E+00
    1.206371579E+02    5.491605699E+00    3.500314866E+00
    1.208256535E+02    5.486110662E+00    3.028331349E+00
    1.210141490E+02    5.455646763E+00    2.562833397E+00
    1.212026446E+02    5.392789330E+00    2.161797332E+00
    1.213911401E+02    5.306143418E+00    1.887150273E+00
    1.215796357E+02    5.209627917E+00    1.776783600E+00
    1.217681313E+02    5.113357980E+00    1.843384500E+00
    1.219566268E+02    5.028054059E+00    2.081315290E+00
    1.221451224E+02    4.969312778E+00    2.456128294E+00
    1.223336179E+02    4.943905221E+00    2.902933346E+00
    1.225221135E+02    4.936662798E+00    3.362977668E+00
    1.227106090E+02    4.925332385E+00    3.821787489E+00
    1.228991046E+02    4.905992780E+00    4.298552216E+00
    1.230876002E+02    4.894174859E+00    4.799756633E+00
    1.232760957E+02    4.900426638E+00    5.297614263E+00
    1.234645913E+02    4.914438371E+00    5.758868574E+00
    1.236530868E+02    4.919606893E+00    6.180069760E+00
    1.238415824E+02    4.915084912E+00    6.582754118E+00
    1.240300780E+02    4.915111789E+00    6.979512685E+00
    1.242185735E+02    4.928212147E+00    7.356854437E+00
    1.244070691E+02    4.945608910E+00    7.694217742E+00
    1.245955646E+02    4.954149016E+00    7.989918659E+00
    1.247840602E+02    4.953866347E+00    8.260869031E+00
    1.249725558E+02    4.956737881E+00    8.520316741E+00
    1.251610513E+02    4.969751426E+00    8.763403200E+00
    1.253495469E+02    4.985760537E+00    8.976909949E+00
    1.255380424E+02    4.993907657E+00    9.157807742E+00
    1.257265380E+02    4.994014417E+00    9.317170133E+00
    1.259150336E+02    4.996012158E+00    9.466992335E+00
    1.261035291E+02    5.006239850E+00    9.607538052E+00
    1.262920247E+02    5.019271238E+00    9.730039378E+00
    1.264805202E+02    5.025766331E+00    9.829564586E+00
    1.266690158E+02    5.024794363E+00    9.911748735E+00
    1.268575114E+02    5.024502781E+00    9.986409706E+00
    1.270460069E+02    5.031043412E+00    1.005681744E+01
    1.272345025E+02    5.040655422E+00    1.011753034E+01
    1.274229980E+02    5.045126709E+00    1.016244747E+01
    1.276114936E+02    5.042622830E+00    1.019274043E+01
    1.277999891E+02    5.039686918E+00    1.021557096E+01
    1.279884847E+02    5.042392543E+00    1.023579957E+01
    1.281769803E+02    5.048492775E+00    1.025083342E+01
    1.283654758E+02    5.050770674E+00    1.025441013E+01
    1.285539714E+02    5.046592588E+00    1.024430235E+01
    1.287424669E+02    5.041053878E+00    1.022475373E+01
    1.289309625E+02    5.040060968E+00    1.020106361E+01
    1.291194581E+02    5.042635091E+00    1.017302064E+01
    1.293079536E+02    5.042520810E+00    1.013499483E+01
    1.294964492E+02    5.036542201E+00    1.008233593E+01
    1.296849447E+02    5.028554449E+00    1.001629677E+01
    1.298734403E+02    5.024145174E+00    9.941647228E+00
    1.300619359E+02    5.023275200E+00    9.859939854E+00
    1.302504314E+02    5.020603862E+00    9.766611419E+00
    1.304389270E+02    5.012738803E+00    9.655428274E+00
    1.306274225E+02    5.002589604E+00    9.524839489E+00
    1.308159181E+02    4.995305849E+00    9.378457636E+00
    1.310044137E+02    4.991417746E+00    9.219004465E+00
    1.311929092E+02    4.986398593E+00    9.043192470E+00
    1.313814048E+02    4.976976087E+00    8.844046214E+00
    1.315699003E+02    4.965483209E+00    8.617912009E+00
    1.317583959E+02    4.956586330E+00    8.367381461E+00
    1.319468915E+02    4.951036432E+00    8.096302767E+00
    1.321353870E+02    4.945000995E+00    7.803190242E+00
    1.323238826E+02    4.935651271E+00    7.481728273E+00
    1.325123781E+02    4.925132678E+00    7.128013241E+00
    1.327008737E+02    4.917654438E+00    6.745265042E+00
    1.328893692E+02    4.913961137E+00    6.339829016E+00
    1.330778648E+02    4.910904376E+00    5.913832083E+00
    1.332663604E+02    4.906455057E+00    5.464572612E+00
    1.334548559E+02    4.902988192E+00    4.991769401E+00
    1.336433515E+02    4.904531648E+00    4.503204441E+00
    1.338318470E+02    4.912200732E+00    4.011571664E+00
    1.340203426E+02    4.924344083E+00    3.527496394E+00
    1.342088382E+02    4.941047270E+00    3.059006358E+00
    1.343973337E+02    4.966845766E+00    2.619030065E+00
    1.345858293E+02    5.008628245E+00    2.232423574E+00
    1.347743248E+02    5.072032784E+00    1.936248613E+00
    1.349628204E+02    5.159310226E+00    1.775990937E+00
    1.351513160E+02    5.265580762E+00    1.797613745E+00
    1.353398115E+02    5.372703949E+00    2.022628000E+00
    1.355283071E+02    5.452715548E+00    2.415568727E+00
    1.357168026E+02    5.487340303E+00    2.889749529E+00
    1.359052982E+02    5.485649745E+00    3.359721853E+00
    1.360937938E+02    5.479159453E+00    3.796923214E+00
    1.362822893E+02    5.494005626E+00    4.236596584E+00
    1.364707849E+02    5.526178494E+00    4.722901876E+00
    1.366592804E+02    5.548317535E+00    5.248477129E+00
    1.368477760E+02    5.540030744E+00    5.756129082E+00
    1.370362715E+02    5.509233286E+00    6.195991986E+00
    1.372247671E+02    5.485065710E+00    6.573742388E+00
    1.374132627E+02    5.488205323E+00    6.939648259E+00
    1.376017582E+02    5.508635466E+00    7.329258821E+00
    1.377902538E+02    5.517120921E+00    7.722786136E+00
    1.379787493E+02    5.496664430E+00    8.069215800E+00
    1.381672449E+02    5.460182065E+00    8.343749647E+00
    1.383557405E+02    5.437674082E+00    8.574197481E+00
    1.385442360E+02    5.444094295E+00    8.808747091E+00
    1.387327316E+02    5.462587715E+00    9.061472729E+00
    1.389212271E+02    5.463675766E+00    9.299295898E+00
    1.391097227E+02    5.437223302E+00    9.483708782E+00
    1.392982183E+02    5.403165392E+00    9.616029564E+00
    1.394867138E+02    5.390471164E+00    9.735536864E+00
    1.396752094E+02    5.404726824E+00    9.874140029E+00
    1.398637049E+02    5.421847393E+00    1.002100534E+01
    1.400522005E+02    5.415716069E+00    1.013890665E+01
    1.402406961E+02    5.386595217E+00    1.021035499E+01
    1.404291916E+02    5.360789917E+00    1.025827020E+01
    1.406176872E+02    5.361622352E+00    1.031861372E+01
    1.408061827E+02    5.382562403E+00    1.039829820E+01
    1.409946783E+02    5.395255699E+00    1.046908375E+01
    1.411831739E+02    5.381891551E+00    1.050355401E+01
    1.413716694E+02    5.354420927E+00    1.050843860E+01
    1.415601650E+02    5.341327684E+00    1.051609255E+01
    1.417486605E+02    5.355239258E+00    1.054533663E+01
    1.419371561E+02    5.378395719E+00    1.057943217E+01
    1.421256516E+02    5.383858074E+00    1.058757388E+01
    1.423141472E+02    5.365676871E+00    1.056253744E+01
    1.425026428E+02    5.345018809E+00    1.052904792E+01
    1.426911383E+02    5.346456028E+00    1.051325546E+01
    1.428796339E+02    5.369671805E+00    1.051056804E+01
    1.430681294E+02    5.390371842E+00    1.049132410E+01
    1.432566250E+02    5.388494563E+00    1.043659296E+01
    1.434451206E+02    5.370017325E+00    1.036052843E+01
    1.436336161E+02    5.360043182E+00    1.029267395E+01
    1.438221117E+02    5.374524095E+00    1.024110785E+01
    1.440106072E+02    5.402103670E+00    1.018150839E+01
    1.441991028E+02    5.417835218E+00    1.008552039E+01
    1.443875984E+02    5.411087033E+00    9.953692165E+00
    1.445760939E+02    5.396565674E+00    9.814111450E+00
    1.447645895E+02    5.398026101E+00    9.687719810E+00
    1.449530850E+02    5.421672122E+00    9.561163421E+00
    1.451415806E+02    5.449508126E+00    9.400726183E+00
    1.453300762E+02    5.459981424E+00    9.190578335E+00
    1.455185717E+02    5.451042056E+00    8.950270476E+00
    1.457070673E+02    5.441803823E+00    8.711274117E+00
    1.458955628E+02    5.451787826E+00    8.478443186E+00
    1.460840584E+02    5.479407986E+00    8.221890059E+00
    1.462725540E+02    5.504094222E+00    7.910089351E+00
    1.464610495E+02    5.508737795E+00    7.545348036E+00
    1.466495451E+02    5.497125037E+00    7.161560633E+00
    1.468380406E+02    5.489526351E+00    6.786419213E+00
    1.470265362E+02    5.501033982E+00    6.409536993E+00
    1.472150317E+02    5.525068189E+00    5.994378657E+00
    1.474035273E+02    5.540466586E+00    5.521354527E+00
    1.475920229E+02    5.533386833E+00    5.012948978E+00
    1.477805184E+02    5.510608559E+00    4.514040091E+00
    1.479690140E+02    5.491809910E+00    4.048424934E+00
    1.481575095E+02    5.487983011E+00    3.598956289E+00
    1.483460051E+02    5.488013547E+00    3.136133118E+00
    1.485345007E+02    5.468177267E+00    2.664213792E+00
    1.487229962E+02    5.413223405E+00    2.235391915E+00
    1.489114918E+02    5.327347572E+00    1.921725461E+00
    1.490999873E+02    5.227160031E+00    1.775764168E+00
    1.492884829E+02    5.128278640E+00    1.814459028E+00
    1.494769785E+02    5.042402322E+00    2.026537096E+00
    1.496654740E+02    4.981153532E+00    2.376333044E+00
    1.498539696E+02    4.949645079E+00    2.806585267E+00
    1.500424651E+02    4.937004282E+00    3.263513790E+00
    1.502309607E+02    4.925239426E+00    3.726555128E+00
    1.504194563E+02    4.908637798E+00    4.204569409E+00
    1.506079518E+02    4.897323376E+00    4.701864178E+00
    1.507964474E+02    4.900199993E+00    5.197864969E+00
    1.509849429E+02    4.911041303E+00    5.664916589E+00
    1.511734385E+02    4.916900039E+00    6.096153798E+00
    1.513619340E+02    4.915261966E+00    6.505743057E+00
    1.515504296E+02    4.915972223E+00    6.904352262E+00
    1.517389252E+02    4.926528994E+00    7.283502401E+00
    1.519274207E+02    4.941652602E+00    7.627180507E+00
    1.521159163E+02    4.951089596E+00    7.932109946E+00
    1.523044118E+02    4.953402207E+00    8.210159375E+00
    1.524929074E+02    4.956978118E+00    8.472552095E+00
    1.526814030E+02    4.967998265E+00    8.717423233E+00
    1.528698985E+02    4.982185880E+00    8.935228691E+00
    1.530583941E+02    4.991128728E+00    9.122796453E+00
    1.532468896E+02    4.993524089E+00    9.287912559E+00
    1.534353852E+02    4.996307030E+00    9.440400543E+00
    1.536238808E+02    5.004976357E+00    9.581916085E+00
    1.538123763E+02    5.016403451E+00    9.706595070E+00
    1.540008719E+02    5.023455348E+00    9.810364221E+00
    1.541893674E+02    5.024482937E+00    9.896927549E+00
    1.543778630E+02    5.025090708E+00    9.973934847E+00
    1.545663586E+02    5.030448252E+00    1.004483522E+01
    1.547548541E+02    5.038577030E+00    1.010631084E+01
    1.549433497E+02    5.043326669E+00    1.015370375E+01
    1.551318452E+02    5.042543732E+00    1.018735606E+01
    1.553203408E+02    5.040612762E+00    1.021248721E+01
    1.555088364E+02    5.042473160E+00    1.023327731E+01
    1.556973319E+02    5.047197366E+00    1.024845568E+01
    1.558858275E+02    5.049497959E+00    1.025343214E+01
    1.560743230E+02    5.046770187E+00    1.024604439E+01
    1.562628186E+02    5.042300662E+00    1.022901720E+01
    1.564513141E+02    5.040757345E+00    1.020643335E+01
    1.566398097E+02    5.042081868E+00    1.017862475E+01
    1.568283053E+02    5.041795026E+00    1.014157881E+01
    1.570168008E+02    5.037013570E+00    1.009139613E+01
    1.572052964E+02    5.030099647E+00    1.002835603E+01
    1.573937919E+02    5.025370135E+00    9.955756070E+00
    1.575822875E+02    5.023392778E+00    9.874994913E+00
    1.577707831E+02    5.020428309E+00    9.782873426E+00
    1.579592786E+02    5.013537294E+00    9.674381819E+00
    1.581477742E+02    5.004399869E+00    9.547565643E+00
    1.583362697E+02    4.996934875E+00    9.404517220E+00
    1.585247653E+02    4.992070177E+00    9.247231010E+00
    1.587132609E+02    4.986700095E+00    9.073426100E+00
    1.589017564E+02    4.978057206E+00    8.877621909E+00
    1.590902520E+02    4.967438908E+00    8.656251151E+00
    1.592787475E+02    4.958381456E+00    8.410438947E+00
    1.594672431E+02    4.951932843E+00    8.142865739E+00
    1.596557387E+02    4.945508555E+00    7.852674772E+00
    1.598442342E+02    4.936737333E+00    7.535129411E+00
    1.600327298E+02    4.926853452E+00    7.186718713E+00
    1.602212253E+02    4.919084087E+00    6.809238518E+00
    1.604097209E+02    4.914456177E+00    6.407548814E+00
    1.605982165E+02    4.910895556E+00    5.984058813E+00
    1.607867120E+02    4.906706087E+00    5.537537778E+00
    1.609752076E+02    4.903429475E+00    5.068145922E+00
    1.611637031E+02    4.904272637E+00    4.582209304E+00
    1.613521987E+02    4.910611449E+00    4.090690563E+00
    1.615406942E+02    4.921622447E+00    3.604051577E+00
    1.617291898E+02    4.937510371E+00    3.131261635E+00
    1.619176854E+02    4.961959527E+00    2.685195934E+00
    1.621061809E+02    5.001017883E+00    2.288661207E+00
    1.622946765E+02    5.060405007E+00    1.975800452E+00
    1.624831720E+02    5.143507208E+00    1.790208539E+00
    1.626716676E+02    5.247576168E+00    1.779341832E+00
    1.628601632E+02    5.356850748E+00    1.972338430E+00
    1.630486587E+02    5.443478662E+00    2.344422589E+00
    1.632371543E+02    5.485605494E+00    2.813693428E+00
    1.634256498E+02    5.487482679E+00    3.289013701E+00
    1.636141454E+02    5.478940272E+00    3.730046333E+00
    1.638026410E+02    5.489684873E+00    4.164946490E+00
    1.639911365E+02    5.521071719E+00    4.642507192E+00
    1.641796321E+02    5.547193785E+00    5.165790718E+00
    1.643681276E+02    5.544047747E+00    5.681709007E+00
    1.645566232E+02    5.514685206E+00    6.133957970E+00
    1.647451188E+02    5.486988438E+00    6.518171856E+00
    1.649336143E+02    5.485615463E+00    6.881713392E+00
    1.651221099E+02    5.505582988E+00    7.267470870E+00
    1.653106054E+02    5.518195494E+00    7.664471770E+00
    1.654991010E+02    5.502194357E+00    8.022003472E+00
    1.656875966E+02    5.465852718E+00    8.307199281E+00
    1.658760921E+02    5.438961872E+00    8.540496328E+00
    1.660645877E+02    5.441275839E+00    8.771603626E+00
    1.662530832E+02    5.460417196E+00    9.023040440E+00
    1.664415788E+02    5.466077809E+00    9.267016284E+00
    1.666300743E+02    5.443153558E+00    9.461345111E+00
    1.668185699E+02    5.407672792E+00    9.599374719E+00
    1.670070655E+02    5.390055297E+00    9.717302011E+00
    1.671955610E+02    5.401364755E+00    9.852290480E+00
    1.673840566E+02    5.420665402E+00    1.000064326E+01
    1.675725521E+02    5.419254596E+00    1.012569250E+01
    1.677610477E+02    5.392128784E+00    1.020368675E+01
    1.679495433E+02    5.363253135E+00    1.025206364E+01
    1.681380388E+02    5.359332650E+00    1.030849422E+01
    1.683265344E+02    5.379177813E+00    1.038657530E+01
    1.685150299E+02    5.395457232E+00    1.046155526E+01
    1.687035255E+02    5.386207018E+00    1.050232237E+01
    1.688920211E+02    5.358709820E+00    1.050942152E+01
    1.690805166E+02    5.341370679E+00    1.051398826E+01
    1.692690122E+02    5.351634032E+00    1.053997254E+01
    1.694575077E+02    5.375780454E+00    1.057575469E+01
    1.696460033E+02    5.385531845E+00    1.058947478E+01
    1.698344989E+02    5.370039881E+00    1.056813952E+01
    1.700229944E+02    5.347369397E+00    1.053302837E+01
    1.702114900E+02    5.344317457E+00    1.051336246E+01
    1.703999855E+02    5.365664601E+00    1.051033865E+01
    1.705884811E+02    5.389049982E+00    1.049571288E+01
    1.707769766E+02    5.391229816E+00    1.044598832E+01
    1.709654722E+02    5.373596210E+00    1.037030687E+01
    1.711539678E+02    5.360233602E+00    1.029885548E+01
    1.713424633E+02    5.370906976E+00    1.024531813E+01
    1.715309589E+02    5.398487037E+00    1.018909042E+01
    1.717194544E+02    5.417828504E+00    1.009917902E+01
    1.719079500E+02    5.414209836E+00    9.970308482E+00
    1.720964456E+02    5.398842900E+00    9.828470435E+00
    1.722849411E+02    5.396375726E+00    9.698924556E+00
    1.724734367E+02    5.417386560E+00    9.573965571E+00
    1.726619322E+02    5.446689473E+00    9.420036818E+00
    1.728504278E+02    5.460982926E+00    9.215788873E+00
    1.730389234E+02    5.454053413E+00    8.975940645E+00
    1.732274189E+02    5.442822489E+00    8.733522542E+00
    1.734159145E+02    5.448984644E+00    8.499786601E+00
    1.736044100E+02    5.475139701E+00    8.248562401E+00
    1.737929056E+02    5.502226243E+00    7.944920570E+00
    1.739814012E+02    5.510547446E+00    7.584491471E+00
    1.741698967E+02    5.500071360E+00    7.198668933E+00
    1.743583923E+02    5.489926002E+00    6.819827119E+00
    1.745468878E+02    5.498023678E+00    6.444314528E+00
    1.747353834E+02    5.521545187E+00    6.036513222E+00
    1.749238790E+02    5.539962534E+00    5.570760479E+00
    1.751123745E+02    5.536484530E+00    5.063111925E+00
    1.753008701E+02    5.514449311E+00    4.558555761E+00
    1.754893656E+02    5.493089186E+00    4.087564168E+00
    1.756778612E+02    5.486576122E+00    3.638775180E+00
    1.758663567E+02    5.487294660E+00    3.180696365E+00
    1.760548523E+02    5.471699378E+00    2.709699192E+00
    1.762433479E+02    5.421472198E+00    2.272089655E+00
    1.764318434E+02    5.337604496E+00    1.941330912E+00
    1.766203390E+02    5.236219487E+00    1.776855516E+00
    1.768088345E+02    5.135030322E+00    1.801159536E+00
    1.769973301E+02    5.047632189E+00    2.003028515E+00
    1.771858257E+02    4.985513520E+00    2.344490930E+00
    1.773743212E+02    4.952714336E+00    2.768026890E+00
    1.775628168E+02    4.938336997E+00    3.221342892E+00
    1.777513123E+02    4.925446583E+00    3.684119755E+00
    1.779398079E+02    4.908871905E+00    4.163246071E+00
    1.781283035E+02    4.897956915E+00    4.660998322E+00
    1.783167990E+02    4.900545758E+00    5.156935771E+00
    1.785052946E+02    4.910496181E+00    5.624998395E+00
    1.786937901E+02    4.915843645E+00    6.058955358E+00
    1.788822857E+02    4.914534367E+00    6.471805490E+00
    1.790707813E+02    4.915761858E+00    6.872788899E+00
    1.792592768E+02    4.926198900E+00    7.253447417E+00
    1.794477724E+02    4.940695233E+00    7.598932626E+00
    1.796362679E+02    4.949821931E+00    7.906615182E+00
    1.798247635E+02    4.952505242E+00    8.187725168E+00
    1.800132591E+02    4.956586289E+00    8.452460899E+00
    1.802017546E+02    4.967566778E+00    8.698809807E+00
    1.803902502E+02    4.981273106E+00    8.918002809E+00
    1.805787457E+02    4.989980535E+00    9.107504406E+00
    1.807672413E+02    4.992713706E+00    9.274857271E+00
    1.809557368E+02    4.995971290E+00    9.429153222E+00
    1.811442324E+02    5.004663544E+00    9.571754341E+00
    1.813327280E+02    5.015704648E+00    9.697244919E+00
    1.815212235E+02    5.022536815E+00    9.802138560E+00
    1.817097191E+02    5.023837957E+00    9.890173519E+00
    1.818982146E+02    5.024884634E+00    9.968505064E+00
    1.820867102E+02    5.030319862E+00    1.004019824E+01
    1.822752058E+02    5.038136483E+00    1.010211340E+01
    1.824637013E+02    5.042661088E+00    1.015008567E+01
    1.826521969E+02    5.042078275E+00    1.018467468E+01
    1.828406924E+02    5.040546312E+00    1.021081777E+01
    1.830291880E+02    5.042530707E+00    1.023228774E+01
    1.832176836E+02    5.047008608E+00    1.024777861E+01
    1.834061791E+02    5.049079406E+00    1.025306499E+01
    1.835946747E+02    5.046482714E+00    1.024630695E+01
    1.837831702E+02    5.042368205E+00    1.023013953E+01
    1.839716658E+02    5.040982517E+00    1.020827590E+01
    1.841601614E+02    5.042120658E+00    1.018085781E+01
    1.843486569E+02    5.041608715E+00    1.014409101E+01
    1.845371525E+02    5.036902010E+00    1.009443742E+01
    1.847256480E+02    5.030296609E+00    1.003225133E+01
    1.849141436E+02    5.025741248E+00    9.960541485E+00
    1.851026391E+02    5.023626735E+00    9.880417880E+00
    1.852911347E+02    5.020450865E+00    9.788753381E+00
    1.854796303E+02    5.013594025E+00    9.680887504E+00
    1.856681258E+02    5.004717712E+00    9.555068201E+00
    1.858566214E+02    4.997422427E+00    9.413198115E+00
    1.860451169E+02    4.992450948E+00    9.256930264E+00
    1.862336125E+02    4.986884611E+00    9.083924026E+00
    1.864221081E+02    4.978246952E+00    8.889002074E+00
    1.866106036E+02    4.967838811E+00    8.668881943E+00
    1.867990992E+02    4.958920326E+00    8.424587166E+00
    1.869875947E+02    4.952366230E+00    8.158429413E+00
    1.871760903E+02    4.945748593E+00    7.869381819E+00
    1.873645859E+02    4.936951146E+00    7.552945150E+00
    1.875530814E+02    4.927210602E+00    7.205922956E+00
    1.877415770E+02    4.919512028E+00    6.830057498E+00
    1.879300725E+02    4.914735783E+00    6.429816279E+00
    1.881185681E+02    4.910947342E+00    6.007349756E+00
    1.883070637E+02    4.906662245E+00    5.561584311E+00
    1.884955592E+02    4.903406468E+00    5.092962509E+00
