   0.0000000000000000        1.8280212108363265E+020
   146745174657.99783        1.8280704728474786E+020
   293490349315.99567        1.8282182366589282E+020
   440235523973.99353        1.8284644250885328E+020
   586980698631.99133        1.8288089162596450E+020
   733725873289.98914        1.8292515535778732E+020
   880471047947.98706        1.8297921592105261E+020
   1027216222605.9849        1.8304305505998356E+020
   1173961397263.9827        1.8311665594353998E+020
   1320706571921.9805        1.8320000524256389E+020
   1467451746579.9783        1.8329309531454220E+020
   1614196921237.9761        1.8339592641996580E+020
   1760942095895.9741        1.8350850889319875E+020
   1907687270553.9719        1.8363086519242437E+020
   2054432445211.9697        1.8376303175755573E+020
   2201177619869.9673        1.8390506061185614E+020
   2347922794527.9653        1.8405702065217130E+020
   2494667969185.9634        1.8421899858382311E+020
   2641413143843.9609        1.8439109946896977E+020
   2788158318501.9590        1.8457344687115511E+020
   2934903493159.9565        1.8476618259336698E+020
   3081648667817.9546        1.8496946602169080E+020
   3228393842475.9521        1.8518347310105982E+020
   3375139017133.9502        1.8540839498316487E+020
   3521884191791.9482        1.8564443639881666E+020
   3668629366449.9458        1.8589181381752085E+020
   3815374541107.9438        1.8615075346536415E+020
   3962119715765.9414        1.8642148927822574E+020
   4108864890423.9395        1.8670426087060374E+020
   4255610065081.9370        1.8699931160087190E+020
   4402355239739.9346        1.8730688681152024E+020
   4549100414397.9326        1.8762723231795718E+020
   4695845589055.9307        1.8796059321191583E+020
   4842590763713.9287        1.8830721303566313E+020
   4989335938371.9268        1.8866733337136913E+020
   5136081113029.9238        1.8904119387655717E+020
   5282826287687.9219        1.8942903278196064E+020
   5429571462345.9199        1.8983108785284881E+020
   5576316637003.9180        1.9024759779946650E+020
   5723061811661.9150        1.9067880410718464E+020
   5869806986319.9131        1.9112495324279544E+020
   6016552160977.9111        1.9158629918060973E+020
   6163297335635.9092        1.9206310618107199E+020
   6310042510293.9072        1.9255565174590629E+020
   6456787684951.9043        1.9306422966767498E+020
   6603532859609.9023        1.9358915308831556E+020
   6750278034267.9004        1.9413075748087811E+020
   6897023208925.8984        1.9468940347137366E+020
   7043768383583.8965        1.9526547942330722E+020
   7190513558241.8936        1.9585940371596709E+020
   7337258732899.8916        1.9647162665861153E+020
   7484003907557.8896        1.9710263199599811E+020
   7630749082215.8877        1.9775293797581236E+020
   7777494256873.8848        1.9842309796497768E+020
   7924239431531.8828        1.9911370061903312E+020
   8070984606189.8809        1.9982536962617102E+020
   8217729780847.8789        2.0055876306456386E+020
   8364474955505.8770        2.0131457242770165E+020
   8511220130163.8740        2.0209352138707806E+020
   8657965304821.8721        2.0289636437421169E+020
   8804710479479.8691        2.0372388507425030E+020
   8951455654137.8672        2.0457689493093424E+020
   9098200828795.8652        2.0545623176723805E+020
   9244946003453.8633        2.0636275862740491E+020
   9391691178111.8613        2.0729736294428675E+020
   9538436352769.8594        2.0826095613094055E+020
   9685181527427.8574        2.0925447368745868E+020
   9831926702085.8555        2.1027887590326901E+020
   9978671876743.8535        2.1133514922195413E+020
   10125417051401.850        2.1242430832042810E+020
   10272162226059.848        2.1354739893754459E+020
   10418907400717.846        2.1470550146944188E+020
   10565652575375.844        2.1589973533073267E+020
   10712397750033.842        2.1713126406263951E+020
   10859142924691.840        2.1840130115198216E+020
   11005888099349.838        2.1971111650916073E+020
   11152633274007.836        2.2106204353955119E+020
   11299378448665.834        2.2245548673158683E+020
   11446123623323.830        2.2389292967674308E+020
   11592868797981.828        2.2537594343209032E+020
   11739613972639.826        2.2690619513536004E+020
   11886359147297.824        2.2848545678580551E+020
   12033104321955.822        2.3011561411164229E+020
   12179849496613.820        2.3179867545651544E+020
   12326594671271.818        2.3353678063313443E+020
   12473339845929.816        2.3533220971170061E+020
   12620085020587.814        2.3718739173368817E+020
   12766830195245.811        2.3910491336748558E+020
   12913575369903.809        2.4108752755086636E+020
   13060320544561.807        2.4313816219568862E+020
   13207065719219.805        2.4525992906204119E+020
   13353810893877.803        2.4745613294171174E+020
   13500556068535.801        2.4973028132380711E+020
   13647301243193.799        2.5208609474814145E+020
   13794046417851.797        2.5452751808424005E+020
   13940791592509.795        2.5705873300520564E+020
   14087536767167.793        2.5968417195611973E+020
   14234281941825.789        2.6240853394610258E+020
   14381027116483.787        2.6523680252181103E+020
   14527772291141.785        2.6817426630837037E+020
   14674517465799.783        2.7122654253207483E+020
