    0.000000000E+00    1.184939095E+02
    3.000000000E-02    1.184939095E+02
    6.000000000E-02    1.184939095E+02
    9.000000000E-02    1.184939095E+02
    1.200000000E-01    1.184939095E+02
    1.500000000E-01    1.184939095E+02
    1.800000000E-01    1.184939095E+02
    2.100000000E-01    1.184939095E+02
    2.400000000E-01    1.184939095E+02
    2.700000000E-01    1.184939095E+02
    3.000000000E-01    1.184939095E+02
    3.300000000E-01    1.184939095E+02
    3.600000000E-01    1.184939095E+02
    3.900000000E-01    1.184939095E+02
    4.200000000E-01    1.184939095E+02
    4.500000000E-01    1.184939095E+02
    4.800000000E-01    1.184939095E+02
    5.100000000E-01    1.184939095E+02
    5.400000000E-01    1.184939095E+02
    5.700000000E-01    1.184939095E+02
    6.000000000E-01    1.184939095E+02
    6.300000000E-01    1.184939095E+02
    6.600000000E-01    1.184939095E+02
    6.900000000E-01    1.184939095E+02
    7.200000000E-01    1.184939095E+02
    7.500000000E-01    1.184939095E+02
    7.800000000E-01    1.184939095E+02
    8.100000000E-01    1.184939095E+02
    8.400000000E-01    1.184939095E+02
    8.700000000E-01    1.184939095E+02
    9.000000000E-01    1.184939095E+02
    9.300000000E-01    1.184939095E+02
    9.600000000E-01    1.184939095E+02
    9.900000000E-01    1.184939095E+02
    1.020000000E+00    1.184939095E+02
    1.050000000E+00    1.184939095E+02
    1.080000000E+00    1.184939095E+02
    1.110000000E+00    1.184939095E+02
    1.140000000E+00    1.184939095E+02
    1.170000000E+00    1.184939095E+02
    1.200000000E+00    1.184939095E+02
    1.230000000E+00    1.184939095E+02
    1.260000000E+00    1.184939095E+02
    1.290000000E+00    1.184939095E+02
    1.320000000E+00    1.184939095E+02
    1.350000000E+00    1.184939095E+02
    1.380000000E+00    1.184939095E+02
    1.410000000E+00    1.184939095E+02
    1.440000000E+00    1.184939095E+02
    1.470000000E+00    1.184939095E+02
    1.500000000E+00    1.184939095E+02
    1.530000000E+00    1.184939095E+02
    1.560000000E+00    1.184939095E+02
    1.590000000E+00    1.184939095E+02
    1.620000000E+00    1.184939095E+02
    1.650000000E+00    1.184939095E+02
    1.680000000E+00    1.184939095E+02
    1.710000000E+00    1.184939095E+02
    1.740000000E+00    1.184939095E+02
    1.770000000E+00    1.184939095E+02
    1.800000000E+00    1.184939095E+02
    1.830000000E+00    1.184939095E+02
    1.860000000E+00    1.184939095E+02
    1.890000000E+00    1.184939095E+02
    1.920000000E+00    1.184939095E+02
    1.950000000E+00    1.184939095E+02
    1.980000000E+00    1.184939095E+02
    2.010000000E+00    1.184939095E+02
    2.040000000E+00    1.184939095E+02
    2.070000000E+00    1.184939095E+02
    2.100000000E+00    1.184939095E+02
    2.130000000E+00    1.184939095E+02
    2.160000000E+00    1.184939095E+02
    2.190000000E+00    1.184939095E+02
    2.220000000E+00    1.184939095E+02
    2.250000000E+00    1.184939095E+02
    2.280000000E+00    1.184939095E+02
    2.310000000E+00    1.184939095E+02
    2.340000000E+00    1.184939095E+02
    2.370000000E+00    1.184939095E+02
    2.400000000E+00    1.184939095E+02
    2.430000000E+00    1.184939095E+02
    2.460000000E+00    1.184939095E+02
    2.490000000E+00    1.184939095E+02
    2.520000000E+00    1.184939095E+02
    2.550000000E+00    1.184939095E+02
    2.580000000E+00    1.184939095E+02
    2.610000000E+00    1.184939095E+02
    2.640000000E+00    1.184939095E+02
    2.670000000E+00    1.184939095E+02
    2.700000000E+00    1.184939095E+02
    2.730000000E+00    1.184939095E+02
    2.760000000E+00    1.184939095E+02
    2.790000000E+00    1.184939095E+02
    2.820000000E+00    1.184939095E+02
    2.850000000E+00    1.184939095E+02
    2.880000000E+00    1.184939095E+02
    2.910000000E+00    1.184939095E+02
    2.940000000E+00    1.184939095E+02
    2.970000000E+00    1.184939095E+02
    3.000000000E+00    1.184939095E+02
    3.030000000E+00    1.184939095E+02
    3.060000000E+00    1.184939095E+02
    3.090000000E+00    1.184939095E+02
    3.120000000E+00    1.184939095E+02
    3.150000000E+00    1.184939095E+02
    3.180000000E+00    1.184939095E+02
    3.210000000E+00    1.184939095E+02
    3.240000000E+00    1.184939095E+02
    3.270000000E+00    1.184939095E+02
    3.300000000E+00    1.184939095E+02
    3.330000000E+00    1.184939095E+02
    3.360000000E+00    1.184939095E+02
    3.390000000E+00    1.184939095E+02
    3.420000000E+00    1.184939095E+02
    3.450000000E+00    1.184939095E+02
    3.480000000E+00    1.184939095E+02
    3.510000000E+00    1.184939095E+02
    3.540000000E+00    1.184939095E+02
    3.570000000E+00    1.184939095E+02
    3.600000000E+00    1.184939096E+02
    3.630000000E+00    1.184939096E+02
    3.660000000E+00    1.184939096E+02
    3.690000000E+00    1.184939096E+02
    3.720000000E+00    1.184939096E+02
    3.750000000E+00    1.184939096E+02
    3.780000000E+00    1.184939096E+02
    3.810000000E+00    1.184939096E+02
    3.840000000E+00    1.184939096E+02
    3.870000000E+00    1.184939096E+02
    3.900000000E+00    1.184939096E+02
    3.930000000E+00    1.184939096E+02
    3.960000000E+00    1.184939096E+02
    3.990000000E+00    1.184939096E+02
    4.020000000E+00    1.184939096E+02
    4.050000000E+00    1.184939096E+02
    4.080000000E+00    1.184939096E+02
    4.110000000E+00    1.184939096E+02
    4.140000000E+00    1.184939096E+02
    4.170000000E+00    1.184939096E+02
    4.200000000E+00    1.184939096E+02
    4.230000000E+00    1.184939096E+02
    4.260000000E+00    1.184939096E+02
    4.290000000E+00    1.184939096E+02
    4.320000000E+00    1.184939096E+02
    4.350000000E+00    1.184939096E+02
    4.380000000E+00    1.184939096E+02
    4.410000000E+00    1.184939096E+02
    4.440000000E+00    1.184939096E+02
    4.470000000E+00    1.184939096E+02
    4.500000000E+00    1.184939096E+02
    4.530000000E+00    1.184939096E+02
    4.560000000E+00    1.184939096E+02
    4.590000000E+00    1.184939096E+02
    4.620000000E+00    1.184939096E+02
    4.650000000E+00    1.184939096E+02
    4.680000000E+00    1.184939096E+02
    4.710000000E+00    1.184939096E+02
    4.740000000E+00    1.184939096E+02
    4.770000000E+00    1.184939096E+02
    4.800000000E+00    1.184939096E+02
    4.830000000E+00    1.184939096E+02
    4.860000000E+00    1.184939096E+02
    4.890000000E+00    1.184939096E+02
    4.920000000E+00    1.184939096E+02
    4.950000000E+00    1.184939096E+02
    4.980000000E+00    1.184939096E+02
    5.010000000E+00    1.184939096E+02
    5.040000000E+00    1.184939096E+02
    5.070000000E+00    1.184939096E+02
    5.100000000E+00    1.184939096E+02
    5.130000000E+00    1.184939096E+02
    5.160000000E+00    1.184939096E+02
    5.190000000E+00    1.184939096E+02
    5.220000000E+00    1.184939096E+02
    5.250000000E+00    1.184939096E+02
    5.280000000E+00    1.184939096E+02
    5.310000000E+00    1.184939096E+02
    5.340000000E+00    1.184939096E+02
    5.370000000E+00    1.184939096E+02
    5.400000000E+00    1.184939096E+02
    5.430000000E+00    1.184939097E+02
    5.460000000E+00    1.184939097E+02
    5.490000000E+00    1.184939097E+02
    5.520000000E+00    1.184939097E+02
    5.550000000E+00    1.184939097E+02
    5.580000000E+00    1.184939097E+02
    5.610000000E+00    1.184939097E+02
    5.640000000E+00    1.184939097E+02
    5.670000000E+00    1.184939097E+02
    5.700000000E+00    1.184939097E+02
    5.730000000E+00    1.184939097E+02
    5.760000000E+00    1.184939097E+02
    5.790000000E+00    1.184939097E+02
    5.820000000E+00    1.184939097E+02
    5.850000000E+00    1.184939097E+02
    5.880000000E+00    1.184939097E+02
    5.910000000E+00    1.184939097E+02
    5.940000000E+00    1.184939097E+02
    5.970000000E+00    1.184939097E+02
    6.000000000E+00    1.184939097E+02
    6.030000000E+00    1.184939097E+02
    6.060000000E+00    1.184939097E+02
    6.090000000E+00    1.184939097E+02
    6.120000000E+00    1.184939097E+02
    6.150000000E+00    1.184939097E+02
    6.180000000E+00    1.184939097E+02
    6.210000000E+00    1.184939097E+02
    6.240000000E+00    1.184939097E+02
    6.270000000E+00    1.184939097E+02
    6.300000000E+00    1.184939097E+02
    6.330000000E+00    1.184939096E+02
    6.360000000E+00    1.184939096E+02
    6.390000000E+00    1.184939096E+02
    6.420000000E+00    1.184939096E+02
    6.450000000E+00    1.184939096E+02
    6.480000000E+00    1.184939096E+02
    6.510000000E+00    1.184939096E+02
    6.540000000E+00    1.184939096E+02
    6.570000000E+00    1.184939096E+02
    6.600000000E+00    1.184939096E+02
    6.630000000E+00    1.184939096E+02
    6.660000000E+00    1.184939096E+02
    6.690000000E+00    1.184939096E+02
    6.720000000E+00    1.184939096E+02
    6.750000000E+00    1.184939096E+02
    6.780000000E+00    1.184939096E+02
    6.810000000E+00    1.184939096E+02
    6.840000000E+00    1.184939096E+02
    6.870000000E+00    1.184939096E+02
    6.900000000E+00    1.184939096E+02
    6.930000000E+00    1.184939096E+02
    6.960000000E+00    1.184939096E+02
    6.990000000E+00    1.184939096E+02
    7.020000000E+00    1.184939095E+02
    7.050000000E+00    1.184939095E+02
    7.080000000E+00    1.184939095E+02
    7.110000000E+00    1.184939095E+02
    7.140000000E+00    1.184939095E+02
    7.170000000E+00    1.184939095E+02
    7.200000000E+00    1.184939095E+02
    7.230000000E+00    1.184939095E+02
    7.260000000E+00    1.184939095E+02
    7.290000000E+00    1.184939095E+02
    7.320000000E+00    1.184939095E+02
    7.350000000E+00    1.184939095E+02
    7.380000000E+00    1.184939095E+02
    7.410000000E+00    1.184939095E+02
    7.440000000E+00    1.184939095E+02
    7.470000000E+00    1.184939095E+02
    7.500000000E+00    1.184939095E+02
    7.530000000E+00    1.184939095E+02
    7.560000000E+00    1.184939095E+02
    7.590000000E+00    1.184939095E+02
    7.620000000E+00    1.184939095E+02
    7.650000000E+00    1.184939095E+02
    7.680000000E+00    1.184939095E+02
    7.710000000E+00    1.184939095E+02
    7.740000000E+00    1.184939095E+02
    7.770000000E+00    1.184939096E+02
    7.800000000E+00    1.184939096E+02
    7.830000000E+00    1.184939095E+02
    7.860000000E+00    1.184939095E+02
    7.890000000E+00    1.184939095E+02
    7.920000000E+00    1.184939095E+02
    7.950000000E+00    1.184939095E+02
    7.980000000E+00    1.184939095E+02
    8.010000000E+00    1.184939095E+02
    8.040000000E+00    1.184939095E+02
    8.070000000E+00    1.184939095E+02
    8.100000000E+00    1.184939095E+02
    8.130000000E+00    1.184939095E+02
    8.160000000E+00    1.184939095E+02
    8.190000000E+00    1.184939095E+02
    8.220000000E+00    1.184939095E+02
    8.250000000E+00    1.184939096E+02
    8.280000000E+00    1.184939096E+02
    8.310000000E+00    1.184939096E+02
    8.340000000E+00    1.184939096E+02
    8.370000000E+00    1.184939096E+02
    8.400000000E+00    1.184939096E+02
    8.430000000E+00    1.184939096E+02
    8.460000000E+00    1.184939097E+02
    8.490000000E+00    1.184939097E+02
    8.520000000E+00    1.184939097E+02
    8.550000000E+00    1.184939097E+02
    8.580000000E+00    1.184939097E+02
    8.610000000E+00    1.184939097E+02
    8.640000000E+00    1.184939097E+02
    8.670000000E+00    1.184939097E+02
    8.700000000E+00    1.184939097E+02
    8.730000000E+00    1.184939097E+02
    8.760000000E+00    1.184939097E+02
    8.790000000E+00    1.184939097E+02
    8.820000000E+00    1.184939097E+02
    8.850000000E+00    1.184939096E+02
    8.880000000E+00    1.184939096E+02
    8.910000000E+00    1.184939096E+02
    8.940000000E+00    1.184939096E+02
    8.970000000E+00    1.184939096E+02
    9.000000000E+00    1.184939096E+02
    9.030000000E+00    1.184939096E+02
    9.060000000E+00    1.184939097E+02
    9.090000000E+00    1.184939097E+02
    9.120000000E+00    1.184939097E+02
    9.150000000E+00    1.184939097E+02
    9.180000000E+00    1.184939097E+02
    9.210000000E+00    1.184939097E+02
    9.240000000E+00    1.184939098E+02
    9.270000000E+00    1.184939098E+02
    9.300000000E+00    1.184939098E+02
    9.330000000E+00    1.184939098E+02
    9.360000000E+00    1.184939098E+02
    9.390000000E+00    1.184939098E+02
    9.420000000E+00    1.184939098E+02
    9.450000000E+00    1.184939098E+02
    9.480000000E+00    1.184939098E+02
    9.510000000E+00    1.184939097E+02
    9.540000000E+00    1.184939097E+02
    9.570000000E+00    1.184939097E+02
    9.600000000E+00    1.184939097E+02
    9.630000000E+00    1.184939097E+02
    9.660000000E+00    1.184939097E+02
    9.690000000E+00    1.184939097E+02
    9.720000000E+00    1.184939097E+02
    9.750000000E+00    1.184939097E+02
    9.780000000E+00    1.184939097E+02
    9.810000000E+00    1.184939096E+02
    9.840000000E+00    1.184939096E+02
    9.870000000E+00    1.184939096E+02
    9.900000000E+00    1.184939096E+02
    9.930000000E+00    1.184939096E+02
    9.960000000E+00    1.184939096E+02
    9.990000000E+00    1.184939097E+02
    1.002000000E+01    1.184939097E+02
    1.005000000E+01    1.184939097E+02
    1.008000000E+01    1.184939097E+02
    1.011000000E+01    1.184939097E+02
    1.014000000E+01    1.184939097E+02
    1.017000000E+01    1.184939097E+02
    1.020000000E+01    1.184939097E+02
    1.023000000E+01    1.184939097E+02
    1.026000000E+01    1.184939097E+02
    1.029000000E+01    1.184939097E+02
    1.032000000E+01    1.184939097E+02
    1.035000000E+01    1.184939097E+02
    1.038000000E+01    1.184939097E+02
    1.041000000E+01    1.184939097E+02
    1.044000000E+01    1.184939097E+02
    1.047000000E+01    1.184939097E+02
    1.050000000E+01    1.184939097E+02
    1.053000000E+01    1.184939097E+02
    1.056000000E+01    1.184939097E+02
    1.059000000E+01    1.184939097E+02
    1.062000000E+01    1.184939097E+02
    1.065000000E+01    1.184939096E+02
    1.068000000E+01    1.184939096E+02
    1.071000000E+01    1.184939096E+02
    1.074000000E+01    1.184939096E+02
    1.077000000E+01    1.184939096E+02
    1.080000000E+01    1.184939096E+02
    1.083000000E+01    1.184939096E+02
    1.086000000E+01    1.184939096E+02
    1.089000000E+01    1.184939096E+02
    1.092000000E+01    1.184939096E+02
    1.095000000E+01    1.184939096E+02
    1.098000000E+01    1.184939097E+02
    1.101000000E+01    1.184939097E+02
    1.104000000E+01    1.184939097E+02
    1.107000000E+01    1.184939097E+02
    1.110000000E+01    1.184939097E+02
    1.113000000E+01    1.184939097E+02
    1.116000000E+01    1.184939097E+02
    1.119000000E+01    1.184939097E+02
    1.122000000E+01    1.184939097E+02
    1.125000000E+01    1.184939097E+02
    1.128000000E+01    1.184939097E+02
    1.131000000E+01    1.184939097E+02
    1.134000000E+01    1.184939097E+02
    1.137000000E+01    1.184939097E+02
    1.140000000E+01    1.184939097E+02
    1.143000000E+01    1.184939097E+02
    1.146000000E+01    1.184939097E+02
    1.149000000E+01    1.184939097E+02
    1.152000000E+01    1.184939097E+02
    1.155000000E+01    1.184939096E+02
    1.158000000E+01    1.184939096E+02
    1.161000000E+01    1.184939096E+02
    1.164000000E+01    1.184939096E+02
    1.167000000E+01    1.184939096E+02
    1.170000000E+01    1.184939096E+02
    1.173000000E+01    1.184939096E+02
    1.176000000E+01    1.184939096E+02
    1.179000000E+01    1.184939096E+02
    1.182000000E+01    1.184939096E+02
    1.185000000E+01    1.184939096E+02
    1.188000000E+01    1.184939096E+02
    1.191000000E+01    1.184939096E+02
    1.194000000E+01    1.184939097E+02
    1.197000000E+01    1.184939097E+02
    1.200000000E+01    1.184939097E+02
    1.203000000E+01    1.184939097E+02
    1.206000000E+01    1.184939097E+02
    1.209000000E+01    1.184939097E+02
    1.212000000E+01    1.184939097E+02
    1.215000000E+01    1.184939097E+02
    1.218000000E+01    1.184939097E+02
    1.221000000E+01    1.184939097E+02
    1.224000000E+01    1.184939097E+02
    1.227000000E+01    1.184939097E+02
    1.230000000E+01    1.184939097E+02
    1.233000000E+01    1.184939097E+02
    1.236000000E+01    1.184939097E+02
    1.239000000E+01    1.184939097E+02
    1.242000000E+01    1.184939097E+02
    1.245000000E+01    1.184939097E+02
    1.248000000E+01    1.184939097E+02
    1.251000000E+01    1.184939096E+02
    1.254000000E+01    1.184939096E+02
    1.257000000E+01    1.184939096E+02
    1.260000000E+01    1.184939096E+02
    1.263000000E+01    1.184939096E+02
    1.266000000E+01    1.184939096E+02
    1.269000000E+01    1.184939096E+02
    1.272000000E+01    1.184939096E+02
    1.275000000E+01    1.184939096E+02
    1.278000000E+01    1.184939096E+02
    1.281000000E+01    1.184939096E+02
    1.284000000E+01    1.184939097E+02
    1.287000000E+01    1.184939097E+02
    1.290000000E+01    1.184939097E+02
    1.293000000E+01    1.184939097E+02
    1.296000000E+01    1.184939097E+02
    1.299000000E+01    1.184939097E+02
    1.302000000E+01    1.184939097E+02
    1.305000000E+01    1.184939097E+02
    1.308000000E+01    1.184939097E+02
    1.311000000E+01    1.184939097E+02
    1.314000000E+01    1.184939097E+02
    1.317000000E+01    1.184939097E+02
    1.320000000E+01    1.184939097E+02
    1.323000000E+01    1.184939097E+02
    1.326000000E+01    1.184939097E+02
    1.329000000E+01    1.184939097E+02
    1.332000000E+01    1.184939097E+02
    1.335000000E+01    1.184939097E+02
    1.338000000E+01    1.184939097E+02
    1.341000000E+01    1.184939097E+02
    1.344000000E+01    1.184939097E+02
    1.347000000E+01    1.184939097E+02
    1.350000000E+01    1.184939097E+02
    1.353000000E+01    1.184939097E+02
    1.356000000E+01    1.184939097E+02
    1.359000000E+01    1.184939096E+02
    1.362000000E+01    1.184939096E+02
    1.365000000E+01    1.184939096E+02
    1.368000000E+01    1.184939096E+02
    1.371000000E+01    1.184939097E+02
    1.374000000E+01    1.184939097E+02
    1.377000000E+01    1.184939097E+02
    1.380000000E+01    1.184939097E+02
    1.383000000E+01    1.184939097E+02
    1.386000000E+01    1.184939097E+02
    1.389000000E+01    1.184939097E+02
    1.392000000E+01    1.184939097E+02
    1.395000000E+01    1.184939097E+02
    1.398000000E+01    1.184939097E+02
    1.401000000E+01    1.184939097E+02
    1.404000000E+01    1.184939097E+02
    1.407000000E+01    1.184939097E+02
    1.410000000E+01    1.184939097E+02
    1.413000000E+01    1.184939097E+02
    1.416000000E+01    1.184939097E+02
    1.419000000E+01    1.184939097E+02
    1.422000000E+01    1.184939097E+02
    1.425000000E+01    1.184939097E+02
    1.428000000E+01    1.184939097E+02
    1.431000000E+01    1.184939097E+02
    1.434000000E+01    1.184939097E+02
    1.437000000E+01    1.184939097E+02
    1.440000000E+01    1.184939097E+02
    1.443000000E+01    1.184939097E+02
    1.446000000E+01    1.184939097E+02
    1.449000000E+01    1.184939097E+02
    1.452000000E+01    1.184939097E+02
    1.455000000E+01    1.184939097E+02
    1.458000000E+01    1.184939097E+02
    1.461000000E+01    1.184939097E+02
    1.464000000E+01    1.184939097E+02
    1.467000000E+01    1.184939097E+02
    1.470000000E+01    1.184939097E+02
    1.473000000E+01    1.184939097E+02
    1.476000000E+01    1.184939097E+02
    1.479000000E+01    1.184939097E+02
    1.482000000E+01    1.184939097E+02
    1.485000000E+01    1.184939097E+02
    1.488000000E+01    1.184939097E+02
    1.491000000E+01    1.184939097E+02
    1.494000000E+01    1.184939097E+02
    1.497000000E+01    1.184939097E+02
    1.500000000E+01    1.184939097E+02
    1.503000000E+01    1.184939097E+02
    1.506000000E+01    1.184939097E+02
    1.509000000E+01    1.184939097E+02
    1.512000000E+01    1.184939097E+02
    1.515000000E+01    1.184939097E+02
    1.518000000E+01    1.184939097E+02
    1.521000000E+01    1.184939097E+02
    1.524000000E+01    1.184939097E+02
    1.527000000E+01    1.184939097E+02
    1.530000000E+01    1.184939097E+02
    1.533000000E+01    1.184939097E+02
    1.536000000E+01    1.184939097E+02
    1.539000000E+01    1.184939097E+02
    1.542000000E+01    1.184939097E+02
    1.545000000E+01    1.184939097E+02
    1.548000000E+01    1.184939097E+02
    1.551000000E+01    1.184939097E+02
    1.554000000E+01    1.184939097E+02
    1.557000000E+01    1.184939097E+02
    1.560000000E+01    1.184939097E+02
    1.563000000E+01    1.184939097E+02
    1.566000000E+01    1.184939097E+02
    1.569000000E+01    1.184939097E+02
    1.572000000E+01    1.184939097E+02
    1.575000000E+01    1.184939097E+02
    1.578000000E+01    1.184939097E+02
    1.581000000E+01    1.184939097E+02
    1.584000000E+01    1.184939097E+02
    1.587000000E+01    1.184939097E+02
    1.590000000E+01    1.184939097E+02
    1.593000000E+01    1.184939097E+02
    1.596000000E+01    1.184939098E+02
    1.599000000E+01    1.184939098E+02
    1.602000000E+01    1.184939098E+02
    1.605000000E+01    1.184939098E+02
    1.608000000E+01    1.184939098E+02
    1.611000000E+01    1.184939098E+02
    1.614000000E+01    1.184939098E+02
    1.617000000E+01    1.184939098E+02
    1.620000000E+01    1.184939098E+02
    1.623000000E+01    1.184939098E+02
    1.626000000E+01    1.184939098E+02
    1.629000000E+01    1.184939098E+02
    1.632000000E+01    1.184939098E+02
    1.635000000E+01    1.184939097E+02
    1.638000000E+01    1.184939097E+02
    1.641000000E+01    1.184939097E+02
    1.644000000E+01    1.184939097E+02
    1.647000000E+01    1.184939097E+02
    1.650000000E+01    1.184939097E+02
    1.653000000E+01    1.184939097E+02
    1.656000000E+01    1.184939097E+02
    1.659000000E+01    1.184939097E+02
    1.662000000E+01    1.184939097E+02
    1.665000000E+01    1.184939097E+02
    1.668000000E+01    1.184939098E+02
    1.671000000E+01    1.184939098E+02
    1.674000000E+01    1.184939098E+02
    1.677000000E+01    1.184939098E+02
    1.680000000E+01    1.184939098E+02
    1.683000000E+01    1.184939098E+02
    1.686000000E+01    1.184939098E+02
    1.689000000E+01    1.184939098E+02
    1.692000000E+01    1.184939098E+02
    1.695000000E+01    1.184939098E+02
    1.698000000E+01    1.184939098E+02
    1.701000000E+01    1.184939098E+02
    1.704000000E+01    1.184939098E+02
    1.707000000E+01    1.184939098E+02
    1.710000000E+01    1.184939098E+02
    1.713000000E+01    1.184939098E+02
    1.716000000E+01    1.184939098E+02
    1.719000000E+01    1.184939098E+02
    1.722000000E+01    1.184939098E+02
    1.725000000E+01    1.184939098E+02
    1.728000000E+01    1.184939098E+02
    1.731000000E+01    1.184939098E+02
    1.734000000E+01    1.184939098E+02
    1.737000000E+01    1.184939098E+02
    1.740000000E+01    1.184939098E+02
    1.743000000E+01    1.184939098E+02
    1.746000000E+01    1.184939098E+02
    1.749000000E+01    1.184939098E+02
    1.752000000E+01    1.184939098E+02
    1.755000000E+01    1.184939098E+02
    1.758000000E+01    1.184939098E+02
    1.761000000E+01    1.184939098E+02
    1.764000000E+01    1.184939098E+02
    1.767000000E+01    1.184939098E+02
    1.770000000E+01    1.184939098E+02
    1.773000000E+01    1.184939098E+02
    1.776000000E+01    1.184939098E+02
    1.779000000E+01    1.184939098E+02
    1.782000000E+01    1.184939098E+02
    1.785000000E+01    1.184939099E+02
    1.788000000E+01    1.184939099E+02
    1.791000000E+01    1.184939099E+02
    1.794000000E+01    1.184939099E+02
    1.797000000E+01    1.184939099E+02
    1.800000000E+01    1.184939099E+02
    1.803000000E+01    1.184939099E+02
    1.806000000E+01    1.184939099E+02
    1.809000000E+01    1.184939099E+02
    1.812000000E+01    1.184939099E+02
    1.815000000E+01    1.184939099E+02
    1.818000000E+01    1.184939099E+02
    1.821000000E+01    1.184939099E+02
    1.824000000E+01    1.184939099E+02
    1.827000000E+01    1.184939098E+02
    1.830000000E+01    1.184939098E+02
    1.833000000E+01    1.184939098E+02
    1.836000000E+01    1.184939098E+02
    1.839000000E+01    1.184939098E+02
    1.842000000E+01    1.184939098E+02
    1.845000000E+01    1.184939098E+02
    1.848000000E+01    1.184939098E+02
    1.851000000E+01    1.184939098E+02
    1.854000000E+01    1.184939099E+02
    1.857000000E+01    1.184939099E+02
    1.860000000E+01    1.184939099E+02
    1.863000000E+01    1.184939099E+02
    1.866000000E+01    1.184939099E+02
    1.869000000E+01    1.184939099E+02
    1.872000000E+01    1.184939099E+02
    1.875000000E+01    1.184939099E+02
    1.878000000E+01    1.184939099E+02
    1.881000000E+01    1.184939099E+02
    1.884000000E+01    1.184939100E+02
    1.887000000E+01    1.184939100E+02
    1.890000000E+01    1.184939100E+02
    1.893000000E+01    1.184939100E+02
    1.896000000E+01    1.184939100E+02
    1.899000000E+01    1.184939100E+02
    1.902000000E+01    1.184939100E+02
    1.905000000E+01    1.184939100E+02
    1.908000000E+01    1.184939100E+02
    1.911000000E+01    1.184939100E+02
    1.914000000E+01    1.184939100E+02
    1.917000000E+01    1.184939099E+02
    1.920000000E+01    1.184939099E+02
    1.923000000E+01    1.184939099E+02
    1.926000000E+01    1.184939099E+02
    1.929000000E+01    1.184939099E+02
    1.932000000E+01    1.184939099E+02
    1.935000000E+01    1.184939099E+02
    1.938000000E+01    1.184939099E+02
    1.941000000E+01    1.184939099E+02
    1.944000000E+01    1.184939099E+02
    1.947000000E+01    1.184939100E+02
    1.950000000E+01    1.184939100E+02
    1.953000000E+01    1.184939100E+02
    1.956000000E+01    1.184939100E+02
    1.959000000E+01    1.184939100E+02
    1.962000000E+01    1.184939100E+02
    1.965000000E+01    1.184939100E+02
    1.968000000E+01    1.184939101E+02
    1.971000000E+01    1.184939101E+02
    1.974000000E+01    1.184939101E+02
    1.977000000E+01    1.184939101E+02
    1.980000000E+01    1.184939101E+02
    1.983000000E+01    1.184939101E+02
    1.986000000E+01    1.184939101E+02
    1.989000000E+01    1.184939101E+02
    1.992000000E+01    1.184939101E+02
    1.995000000E+01    1.184939101E+02
    1.998000000E+01    1.184939101E+02
    2.001000000E+01    1.184939100E+02
    2.004000000E+01    1.184939100E+02
    2.007000000E+01    1.184939100E+02
    2.010000000E+01    1.184939100E+02
    2.013000000E+01    1.184939100E+02
    2.016000000E+01    1.184939100E+02
    2.019000000E+01    1.184939100E+02
    2.022000000E+01    1.184939100E+02
    2.025000000E+01    1.184939100E+02
    2.028000000E+01    1.184939100E+02
    2.031000000E+01    1.184939100E+02
    2.034000000E+01    1.184939100E+02
    2.037000000E+01    1.184939100E+02
    2.040000000E+01    1.184939100E+02
    2.043000000E+01    1.184939100E+02
    2.046000000E+01    1.184939100E+02
    2.049000000E+01    1.184939101E+02
    2.052000000E+01    1.184939101E+02
    2.055000000E+01    1.184939101E+02
    2.058000000E+01    1.184939101E+02
    2.061000000E+01    1.184939101E+02
    2.064000000E+01    1.184939101E+02
    2.067000000E+01    1.184939101E+02
    2.070000000E+01    1.184939100E+02
    2.073000000E+01    1.184939100E+02
    2.076000000E+01    1.184939100E+02
    2.079000000E+01    1.184939100E+02
    2.082000000E+01    1.184939100E+02
    2.085000000E+01    1.184939100E+02
    2.088000000E+01    1.184939100E+02
    2.091000000E+01    1.184939100E+02
    2.094000000E+01    1.184939100E+02
    2.097000000E+01    1.184939099E+02
    2.100000000E+01    1.184939099E+02
    2.103000000E+01    1.184939099E+02
    2.106000000E+01    1.184939099E+02
    2.109000000E+01    1.184939099E+02
    2.112000000E+01    1.184939099E+02
    2.115000000E+01    1.184939099E+02
    2.118000000E+01    1.184939099E+02
    2.121000000E+01    1.184939099E+02
    2.124000000E+01    1.184939099E+02
    2.127000000E+01    1.184939099E+02
    2.130000000E+01    1.184939099E+02
    2.133000000E+01    1.184939099E+02
    2.136000000E+01    1.184939099E+02
    2.139000000E+01    1.184939099E+02
    2.142000000E+01    1.184939099E+02
    2.145000000E+01    1.184939099E+02
    2.148000000E+01    1.184939099E+02
    2.151000000E+01    1.184939099E+02
    2.154000000E+01    1.184939099E+02
    2.157000000E+01    1.184939099E+02
    2.160000000E+01    1.184939099E+02
    2.163000000E+01    1.184939099E+02
    2.166000000E+01    1.184939099E+02
    2.169000000E+01    1.184939099E+02
    2.172000000E+01    1.184939099E+02
    2.175000000E+01    1.184939099E+02
    2.178000000E+01    1.184939099E+02
    2.181000000E+01    1.184939099E+02
    2.184000000E+01    1.184939099E+02
    2.187000000E+01    1.184939099E+02
    2.190000000E+01    1.184939099E+02
    2.193000000E+01    1.184939099E+02
    2.196000000E+01    1.184939099E+02
    2.199000000E+01    1.184939099E+02
    2.202000000E+01    1.184939099E+02
    2.205000000E+01    1.184939099E+02
    2.208000000E+01    1.184939099E+02
    2.211000000E+01    1.184939099E+02
    2.214000000E+01    1.184939099E+02
    2.217000000E+01    1.184939099E+02
    2.220000000E+01    1.184939099E+02
    2.223000000E+01    1.184939099E+02
    2.226000000E+01    1.184939099E+02
    2.229000000E+01    1.184939099E+02
    2.232000000E+01    1.184939100E+02
    2.235000000E+01    1.184939100E+02
    2.238000000E+01    1.184939100E+02
    2.241000000E+01    1.184939100E+02
    2.244000000E+01    1.184939100E+02
    2.247000000E+01    1.184939100E+02
    2.250000000E+01    1.184939100E+02
    2.253000000E+01    1.184939100E+02
    2.256000000E+01    1.184939100E+02
    2.259000000E+01    1.184939100E+02
    2.262000000E+01    1.184939100E+02
    2.265000000E+01    1.184939100E+02
    2.268000000E+01    1.184939100E+02
    2.271000000E+01    1.184939100E+02
    2.274000000E+01    1.184939100E+02
    2.277000000E+01    1.184939100E+02
    2.280000000E+01    1.184939100E+02
    2.283000000E+01    1.184939100E+02
    2.286000000E+01    1.184939100E+02
    2.289000000E+01    1.184939100E+02
    2.292000000E+01    1.184939100E+02
    2.295000000E+01    1.184939100E+02
    2.298000000E+01    1.184939100E+02
    2.301000000E+01    1.184939100E+02
    2.304000000E+01    1.184939100E+02
    2.307000000E+01    1.184939100E+02
    2.310000000E+01    1.184939100E+02
    2.313000000E+01    1.184939100E+02
    2.316000000E+01    1.184939100E+02
    2.319000000E+01    1.184939100E+02
    2.322000000E+01    1.184939100E+02
    2.325000000E+01    1.184939100E+02
    2.328000000E+01    1.184939100E+02
    2.331000000E+01    1.184939100E+02
    2.334000000E+01    1.184939100E+02
    2.337000000E+01    1.184939100E+02
    2.340000000E+01    1.184939100E+02
    2.343000000E+01    1.184939100E+02
    2.346000000E+01    1.184939100E+02
    2.349000000E+01    1.184939100E+02
    2.352000000E+01    1.184939100E+02
    2.355000000E+01    1.184939100E+02
    2.358000000E+01    1.184939100E+02
    2.361000000E+01    1.184939100E+02
    2.364000000E+01    1.184939100E+02
    2.367000000E+01    1.184939100E+02
    2.370000000E+01    1.184939100E+02
    2.373000000E+01    1.184939100E+02
    2.376000000E+01    1.184939100E+02
    2.379000000E+01    1.184939100E+02
    2.382000000E+01    1.184939100E+02
    2.385000000E+01    1.184939100E+02
    2.388000000E+01    1.184939100E+02
    2.391000000E+01    1.184939100E+02
    2.394000000E+01    1.184939100E+02
    2.397000000E+01    1.184939100E+02
    2.400000000E+01    1.184939100E+02
    2.403000000E+01    1.184939100E+02
    2.406000000E+01    1.184939100E+02
    2.409000000E+01    1.184939100E+02
    2.412000000E+01    1.184939100E+02
    2.415000000E+01    1.184939100E+02
    2.418000000E+01    1.184939100E+02
    2.421000000E+01    1.184939100E+02
    2.424000000E+01    1.184939100E+02
    2.427000000E+01    1.184939100E+02
    2.430000000E+01    1.184939100E+02
    2.433000000E+01    1.184939100E+02
    2.436000000E+01    1.184939100E+02
    2.439000000E+01    1.184939100E+02
    2.442000000E+01    1.184939100E+02
    2.445000000E+01    1.184939100E+02
    2.448000000E+01    1.184939100E+02
    2.451000000E+01    1.184939100E+02
    2.454000000E+01    1.184939100E+02
    2.457000000E+01    1.184939100E+02
    2.460000000E+01    1.184939100E+02
    2.463000000E+01    1.184939100E+02
    2.466000000E+01    1.184939100E+02
    2.469000000E+01    1.184939100E+02
    2.472000000E+01    1.184939100E+02
    2.475000000E+01    1.184939100E+02
    2.478000000E+01    1.184939100E+02
    2.481000000E+01    1.184939100E+02
    2.484000000E+01    1.184939100E+02
    2.487000000E+01    1.184939100E+02
    2.490000000E+01    1.184939100E+02
    2.493000000E+01    1.184939100E+02
    2.496000000E+01    1.184939100E+02
    2.499000000E+01    1.184939100E+02
    2.502000000E+01    1.184939100E+02
    2.505000000E+01    1.184939100E+02
    2.508000000E+01    1.184939100E+02
    2.511000000E+01    1.184939100E+02
    2.514000000E+01    1.184939100E+02
    2.517000000E+01    1.184939100E+02
    2.520000000E+01    1.184939099E+02
    2.523000000E+01    1.184939099E+02
    2.526000000E+01    1.184939099E+02
    2.529000000E+01    1.184939099E+02
    2.532000000E+01    1.184939099E+02
    2.535000000E+01    1.184939099E+02
    2.538000000E+01    1.184939099E+02
    2.541000000E+01    1.184939099E+02
    2.544000000E+01    1.184939099E+02
    2.547000000E+01    1.184939099E+02
    2.550000000E+01    1.184939099E+02
    2.553000000E+01    1.184939099E+02
    2.556000000E+01    1.184939099E+02
    2.559000000E+01    1.184939099E+02
    2.562000000E+01    1.184939099E+02
    2.565000000E+01    1.184939099E+02
    2.568000000E+01    1.184939099E+02
    2.571000000E+01    1.184939099E+02
    2.574000000E+01    1.184939099E+02
    2.577000000E+01    1.184939099E+02
    2.580000000E+01    1.184939099E+02
    2.583000000E+01    1.184939099E+02
    2.586000000E+01    1.184939099E+02
    2.589000000E+01    1.184939099E+02
    2.592000000E+01    1.184939099E+02
    2.595000000E+01    1.184939099E+02
    2.598000000E+01    1.184939099E+02
    2.601000000E+01    1.184939099E+02
    2.604000000E+01    1.184939099E+02
    2.607000000E+01    1.184939099E+02
    2.610000000E+01    1.184939099E+02
    2.613000000E+01    1.184939099E+02
    2.616000000E+01    1.184939099E+02
    2.619000000E+01    1.184939099E+02
    2.622000000E+01    1.184939099E+02
    2.625000000E+01    1.184939099E+02
    2.628000000E+01    1.184939099E+02
    2.631000000E+01    1.184939099E+02
    2.634000000E+01    1.184939099E+02
    2.637000000E+01    1.184939099E+02
    2.640000000E+01    1.184939099E+02
    2.643000000E+01    1.184939099E+02
    2.646000000E+01    1.184939099E+02
    2.649000000E+01    1.184939099E+02
    2.652000000E+01    1.184939099E+02
    2.655000000E+01    1.184939099E+02
    2.658000000E+01    1.184939099E+02
    2.661000000E+01    1.184939099E+02
    2.664000000E+01    1.184939099E+02
    2.667000000E+01    1.184939099E+02
    2.670000000E+01    1.184939099E+02
    2.673000000E+01    1.184939099E+02
    2.676000000E+01    1.184939099E+02
    2.679000000E+01    1.184939099E+02
    2.682000000E+01    1.184939099E+02
    2.685000000E+01    1.184939099E+02
    2.688000000E+01    1.184939099E+02
    2.691000000E+01    1.184939099E+02
    2.694000000E+01    1.184939099E+02
    2.697000000E+01    1.184939099E+02
    2.700000000E+01    1.184939099E+02
    2.703000000E+01    1.184939099E+02
    2.706000000E+01    1.184939099E+02
    2.709000000E+01    1.184939099E+02
    2.712000000E+01    1.184939099E+02
    2.715000000E+01    1.184939099E+02
    2.718000000E+01    1.184939099E+02
    2.721000000E+01    1.184939099E+02
    2.724000000E+01    1.184939099E+02
    2.727000000E+01    1.184939099E+02
    2.730000000E+01    1.184939099E+02
    2.733000000E+01    1.184939099E+02
    2.736000000E+01    1.184939099E+02
    2.739000000E+01    1.184939099E+02
    2.742000000E+01    1.184939099E+02
    2.745000000E+01    1.184939099E+02
    2.748000000E+01    1.184939099E+02
    2.751000000E+01    1.184939099E+02
    2.754000000E+01    1.184939099E+02
    2.757000000E+01    1.184939099E+02
    2.760000000E+01    1.184939099E+02
    2.763000000E+01    1.184939099E+02
    2.766000000E+01    1.184939099E+02
    2.769000000E+01    1.184939099E+02
    2.772000000E+01    1.184939099E+02
    2.775000000E+01    1.184939099E+02
    2.778000000E+01    1.184939099E+02
    2.781000000E+01    1.184939099E+02
    2.784000000E+01    1.184939099E+02
    2.787000000E+01    1.184939099E+02
    2.790000000E+01    1.184939099E+02
    2.793000000E+01    1.184939099E+02
    2.796000000E+01    1.184939099E+02
    2.799000000E+01    1.184939099E+02
    2.802000000E+01    1.184939099E+02
    2.805000000E+01    1.184939099E+02
    2.808000000E+01    1.184939099E+02
    2.811000000E+01    1.184939099E+02
    2.814000000E+01    1.184939099E+02
    2.817000000E+01    1.184939099E+02
    2.820000000E+01    1.184939099E+02
    2.823000000E+01    1.184939099E+02
    2.826000000E+01    1.184939099E+02
    2.829000000E+01    1.184939099E+02
    2.832000000E+01    1.184939099E+02
    2.835000000E+01    1.184939099E+02
    2.838000000E+01    1.184939099E+02
    2.841000000E+01    1.184939099E+02
    2.844000000E+01    1.184939099E+02
    2.847000000E+01    1.184939099E+02
    2.850000000E+01    1.184939099E+02
    2.853000000E+01    1.184939099E+02
    2.856000000E+01    1.184939099E+02
    2.859000000E+01    1.184939099E+02
    2.862000000E+01    1.184939099E+02
    2.865000000E+01    1.184939099E+02
    2.868000000E+01    1.184939099E+02
    2.871000000E+01    1.184939099E+02
    2.874000000E+01    1.184939099E+02
    2.877000000E+01    1.184939099E+02
    2.880000000E+01    1.184939099E+02
    2.883000000E+01    1.184939099E+02
    2.886000000E+01    1.184939099E+02
    2.889000000E+01    1.184939099E+02
    2.892000000E+01    1.184939099E+02
    2.895000000E+01    1.184939099E+02
    2.898000000E+01    1.184939099E+02
    2.901000000E+01    1.184939099E+02
    2.904000000E+01    1.184939099E+02
    2.907000000E+01    1.184939099E+02
    2.910000000E+01    1.184939099E+02
    2.913000000E+01    1.184939099E+02
    2.916000000E+01    1.184939099E+02
    2.919000000E+01    1.184939099E+02
    2.922000000E+01    1.184939099E+02
    2.925000000E+01    1.184939099E+02
    2.928000000E+01    1.184939099E+02
    2.931000000E+01    1.184939099E+02
    2.934000000E+01    1.184939099E+02
    2.937000000E+01    1.184939099E+02
    2.940000000E+01    1.184939099E+02
    2.943000000E+01    1.184939099E+02
    2.946000000E+01    1.184939099E+02
    2.949000000E+01    1.184939099E+02
    2.952000000E+01    1.184939099E+02
    2.955000000E+01    1.184939099E+02
    2.958000000E+01    1.184939099E+02
    2.961000000E+01    1.184939099E+02
    2.964000000E+01    1.184939099E+02
    2.967000000E+01    1.184939099E+02
    2.970000000E+01    1.184939099E+02
    2.973000000E+01    1.184939099E+02
    2.976000000E+01    1.184939099E+02
    2.979000000E+01    1.184939099E+02
    2.982000000E+01    1.184939099E+02
    2.985000000E+01    1.184939099E+02
    2.988000000E+01    1.184939099E+02
    2.991000000E+01    1.184939099E+02
    2.994000000E+01    1.184939099E+02
    2.997000000E+01    1.184939099E+02
    3.000000000E+01    1.184939099E+02
