    2.026496661E+00   -1.920688883E+01
    2.026483232E+00   -1.920686717E+01
    2.026442965E+00   -1.920680217E+01
    2.026375930E+00   -1.920669386E+01
    2.026282239E+00   -1.920654223E+01
    2.026162042E+00   -1.920634729E+01
    2.026015520E+00   -1.920610906E+01
    2.025842881E+00   -1.920582754E+01
    2.025644345E+00   -1.920550275E+01
    2.025420137E+00   -1.920513472E+01
    2.025170479E+00   -1.920472345E+01
    2.024895575E+00   -1.920426897E+01
    2.024595604E+00   -1.920377128E+01
    2.024270708E+00   -1.920323041E+01
    2.023920987E+00   -1.920264637E+01
    2.023546486E+00   -1.920201918E+01
    2.023147194E+00   -1.920134885E+01
    2.022723036E+00   -1.920063539E+01
    2.022273874E+00   -1.919987881E+01
    2.021799503E+00   -1.919907911E+01
    2.021299655E+00   -1.919823631E+01
    2.020774000E+00   -1.919735040E+01
    2.020222155E+00   -1.919642139E+01
    2.019643686E+00   -1.919544928E+01
    2.019038120E+00   -1.919443405E+01
    2.018404953E+00   -1.919337573E+01
    2.017743659E+00   -1.919227429E+01
    2.017053701E+00   -1.919112973E+01
    2.016334544E+00   -1.918994207E+01
    2.015585660E+00   -1.918871128E+01
    2.014806543E+00   -1.918743738E+01
    2.013996713E+00   -1.918612037E+01
    2.013155728E+00   -1.918476025E+01
    2.012283185E+00   -1.918335703E+01
    2.011378724E+00   -1.918191073E+01
    2.010442035E+00   -1.918042135E+01
    2.009472853E+00   -1.917888892E+01
    2.008470957E+00   -1.917731347E+01
    2.007436168E+00   -1.917569501E+01
    2.006368341E+00   -1.917403359E+01
    2.005267359E+00   -1.917232925E+01
    2.004133124E+00   -1.917058201E+01
    2.002965549E+00   -1.916879195E+01
    2.001764542E+00   -1.916695909E+01
    2.000530004E+00   -1.916508351E+01
    1.999261809E+00   -1.916316525E+01
    1.997959803E+00   -1.916120439E+01
    1.996623786E+00   -1.915920098E+01
    1.995253509E+00   -1.915715510E+01
    1.993848665E+00   -1.915506682E+01
    1.992408883E+00   -1.915293622E+01
    1.990933727E+00   -1.915076336E+01
    1.989422691E+00   -1.914854833E+01
    1.987875201E+00   -1.914629121E+01
    1.986290618E+00   -1.914399207E+01
    1.984668242E+00   -1.914165101E+01
    1.983007315E+00   -1.913926812E+01
    1.981307035E+00   -1.913684347E+01
    1.979566559E+00   -1.913437715E+01
    1.977785015E+00   -1.913186927E+01
    1.975961515E+00   -1.912931992E+01
    1.974095161E+00   -1.912672920E+01
    1.972185060E+00   -1.912409721E+01
    1.970230332E+00   -1.912142406E+01
    1.968230123E+00   -1.911870986E+01
    1.966183607E+00   -1.911595474E+01
    1.964090000E+00   -1.911315883E+01
    1.961948558E+00   -1.911032224E+01
    1.959758589E+00   -1.910744514E+01
    1.957519445E+00   -1.910452766E+01
    1.955230528E+00   -1.910156996E+01
    1.952891285E+00   -1.909857222E+01
    1.950501203E+00   -1.909553461E+01
    1.948059804E+00   -1.909245731E+01
    1.945566633E+00   -1.908934054E+01
    1.943021254E+00   -1.908618449E+01
    1.940423235E+00   -1.908298939E+01
    1.937772143E+00   -1.907975548E+01
    1.935067525E+00   -1.907648298E+01
    1.932308903E+00   -1.907317218E+01
    1.929495762E+00   -1.906982331E+01
    1.926627538E+00   -1.906643668E+01
    1.923703613E+00   -1.906301257E+01
    1.920723307E+00   -1.905955127E+01
    1.917685873E+00   -1.905605310E+01
    1.914590491E+00   -1.905251840E+01
    1.911436273E+00   -1.904894748E+01
    1.908222259E+00   -1.904534071E+01
    1.904947420E+00   -1.904169843E+01
    1.901610669E+00   -1.903802102E+01
    1.898210859E+00   -1.903430886E+01
    1.894746801E+00   -1.903056234E+01
    1.891217266E+00   -1.902678186E+01
    1.887621002E+00   -1.902296785E+01
    1.883956742E+00   -1.901912072E+01
    1.880223214E+00   -1.901524093E+01
    1.876419160E+00   -1.901132893E+01
    1.872543340E+00   -1.900738518E+01
    1.868594543E+00   -1.900341018E+01
    1.864571600E+00   -1.899940442E+01
    1.860473389E+00   -1.899536841E+01
    1.856298839E+00   -1.899130269E+01
    1.852046936E+00   -1.898720781E+01
    1.847716725E+00   -1.898308433E+01
    1.843307306E+00   -1.897893285E+01
    1.838817834E+00   -1.897475397E+01
    1.834247514E+00   -1.897054831E+01
    1.829595594E+00   -1.896631653E+01
    1.824861357E+00   -1.896205929E+01
    1.820044110E+00   -1.895777730E+01
    1.815143176E+00   -1.895347126E+01
    1.810157879E+00   -1.894914193E+01
    1.805087538E+00   -1.894479006E+01
    1.799931449E+00   -1.894041644E+01
    1.794688881E+00   -1.893602190E+01
    1.789359060E+00   -1.893160728E+01
    1.783941166E+00   -1.892717345E+01
    1.778434322E+00   -1.892272130E+01
    1.772837590E+00   -1.891825177E+01
    1.767149971E+00   -1.891376579E+01
    1.761370398E+00   -1.890926436E+01
    1.755497744E+00   -1.890474848E+01
    1.749530823E+00   -1.890021919E+01
    1.743468394E+00   -1.889567755E+01
    1.737309172E+00   -1.889112466E+01
    1.731051837E+00   -1.888656164E+01
    1.724695042E+00   -1.888198965E+01
    1.718237430E+00   -1.887740988E+01
    1.711677644E+00   -1.887282354E+01
    1.705014341E+00   -1.886823188E+01
    1.698246203E+00   -1.886363619E+01
    1.691371954E+00   -1.885903776E+01
    1.684390372E+00   -1.885443796E+01
    1.677300293E+00   -1.884983816E+01
    1.670100628E+00   -1.884523978E+01
    1.662790367E+00   -1.884064427E+01
    1.655368583E+00   -1.883605312E+01
    1.647834439E+00   -1.883146786E+01
    1.640187185E+00   -1.882689006E+01
    1.632426157E+00   -1.882232132E+01
    1.624550778E+00   -1.881776330E+01
    1.616560546E+00   -1.881321768E+01
    1.608455030E+00   -1.880868620E+01
    1.600233863E+00   -1.880417066E+01
    1.591896727E+00   -1.879967286E+01
    1.583443346E+00   -1.879519470E+01
    1.574873472E+00   -1.879073811E+01
    1.566186877E+00   -1.878630505E+01
    1.557383336E+00   -1.878189757E+01
    1.548462626E+00   -1.877751775E+01
    1.539424507E+00   -1.877316774E+01
    1.530268723E+00   -1.876884973E+01
    1.520994990E+00   -1.876456600E+01
    1.511602997E+00   -1.876031886E+01
    1.502092403E+00   -1.875611070E+01
    1.492462839E+00   -1.875194398E+01
    1.482713911E+00   -1.874782121E+01
    1.472845206E+00   -1.874374498E+01
    1.462856300E+00   -1.873971796E+01
    1.452746770E+00   -1.873574288E+01
    1.442516203E+00   -1.873182255E+01
    1.432164213E+00   -1.872795985E+01
    1.421690450E+00   -1.872415777E+01
    1.411094623E+00   -1.872041936E+01
    1.400376508E+00   -1.871674776E+01
    1.389535968E+00   -1.871314620E+01
    1.378572966E+00   -1.870961800E+01
    1.367487577E+00   -1.870616660E+01
    1.356280003E+00   -1.870279551E+01
    1.344950583E+00   -1.869950837E+01
    1.333499800E+00   -1.869630890E+01
    1.321928288E+00   -1.869320097E+01
    1.310236837E+00   -1.869018855E+01
    1.298426394E+00   -1.868727572E+01
    1.286498063E+00   -1.868446671E+01
    1.274453100E+00   -1.868176589E+01
    1.262292911E+00   -1.867917776E+01
    1.250019042E+00   -1.867670697E+01
    1.237633173E+00   -1.867435834E+01
    1.225137108E+00   -1.867213684E+01
    1.212532763E+00   -1.867004762E+01
    1.199822157E+00   -1.866809603E+01
    1.187007401E+00   -1.866628760E+01
    1.174090685E+00   -1.866462806E+01
    1.161074274E+00   -1.866312339E+01
    1.147960495E+00   -1.866177976E+01
    1.134751735E+00   -1.866060361E+01
    1.121450431E+00   -1.865960165E+01
    1.108059075E+00   -1.865878084E+01
    1.094580210E+00   -1.865814846E+01
    1.081016435E+00   -1.865771209E+01
    1.067370409E+00   -1.865747965E+01
    1.053644861E+00   -1.865745942E+01
    1.039842601E+00   -1.865766005E+01
    1.025966533E+00   -1.865809059E+01
    1.012019670E+00   -1.865876054E+01
    9.980051493E-01   -1.865967985E+01
    9.839262559E-01   -1.866085897E+01
    9.697864367E-01   -1.866230887E+01
    9.555893238E-01   -1.866404108E+01
    9.413387536E-01   -1.866606774E+01
    9.270387873E-01   -1.866840161E+01
    9.126937303E-01   -1.867105617E+01
    8.983081509E-01   -1.867404561E+01
    8.838868973E-01   -1.867738489E+01
    8.694351136E-01   -1.868108986E+01
    8.549582537E-01   -1.868517720E+01
    8.404620937E-01   -1.868966459E+01
    8.259527421E-01   -1.869457072E+01
    8.114366484E-01   -1.869991537E+01
    7.969206101E-01   -1.870571947E+01
    7.824117783E-01   -1.871200522E+01
    7.679176616E-01   -1.871879613E+01
    7.534461303E-01   -1.872611710E+01
    7.390054191E-01   -1.873399457E+01
    7.246041309E-01   -1.874245653E+01
    7.102512407E-01   -1.875153269E+01
    6.959561008E-01   -1.876125453E+01
    6.817284484E-01   -1.877165544E+01
    6.675784149E-01   -1.878277078E+01
    6.535165383E-01   -1.879463801E+01
    6.395537798E-01   -1.880729675E+01
    6.257015435E-01   -1.882078893E+01
    6.119717016E-01   -1.883515880E+01
    5.983766237E-01   -1.885045303E+01
    5.849292119E-01   -1.886672072E+01
    5.716429417E-01   -1.888401344E+01
    5.585319081E-01   -1.890238520E+01
    5.456108781E-01   -1.892189235E+01
    5.328953491E-01   -1.894259343E+01
    5.204016133E-01   -1.896454901E+01
    5.081468273E-01   -1.898782129E+01
    4.961490879E-01   -1.901247373E+01
    4.844275117E-01   -1.903857045E+01
    4.730023202E-01   -1.906617547E+01
    4.618949259E-01   -1.909535173E+01
    4.511280224E-01   -1.912615997E+01
    4.407256716E-01   -1.915865719E+01
    4.307133899E-01   -1.919289498E+01
    4.211182265E-01   -1.922891736E+01
    4.119688312E-01   -1.926675844E+01
    4.032955045E-01   -1.930643962E+01
    3.951302235E-01   -1.934796656E+01
    3.875066329E-01   -1.939132583E+01
    3.804599914E-01   -1.943648151E+01
    3.740270586E-01   -1.948337164E+01
    3.682459078E-01   -1.953190502E+01
    3.631556487E-01   -1.958195833E+01
    3.587960439E-01   -1.963337418E+01
    3.552070033E-01   -1.968596017E+01
    3.524279455E-01   -1.973948942E+01
    3.504970210E-01   -1.979370297E+01
    3.494501986E-01   -1.984831401E+01
    3.493202288E-01   -1.990301419E+01
    3.501355106E-01   -1.995748171E+01
    3.519188970E-01   -2.001139091E+01
    3.546864922E-01   -2.006442256E+01
    3.584464958E-01   -2.011627439E+01
    3.631981606E-01   -2.016667073E+01
    3.689309272E-01   -2.021537074E+01
    3.756237964E-01   -2.026217450E+01
    3.832449942E-01   -2.030692661E+01
    3.917519687E-01   -2.034951735E+01
    4.010917496E-01   -2.038988135E+01
    4.112016811E-01   -2.042799442E+01
    4.220105267E-01   -2.046386882E+01
    4.334399245E-01   -2.049754772E+01
    4.454061539E-01   -2.052909920E+01
    4.578221622E-01   -2.055861029E+01
    4.705997782E-01   -2.058618147E+01
    4.836520315E-01   -2.061192169E+01
    4.968954876E-01   -2.063594408E+01
    5.102525016E-01   -2.065836242E+01
    5.236532999E-01   -2.067928835E+01
    5.370378020E-01   -2.069882918E+01
    5.503571090E-01   -2.071708631E+01
    5.635745999E-01   -2.073415410E+01
    5.766665932E-01   -2.075011919E+01
    5.896225517E-01   -2.076506014E+01
    6.024448238E-01   -2.077904734E+01
    6.151479342E-01   -2.079214311E+01
    6.277574489E-01   -2.080440206E+01
    6.403084550E-01   -2.081587148E+01
    6.528437069E-01   -2.082659196E+01
    6.654114996E-01   -2.083659801E+01
    6.780633420E-01   -2.084591881E+01
    6.908515065E-01   -2.085457903E+01
    7.038265445E-01   -2.086259957E+01
    7.170348566E-01   -2.086999844E+01
    7.305164124E-01   -2.087679156E+01
    7.443027142E-01   -2.088299354E+01
    7.584150939E-01   -2.088861837E+01
    7.728634225E-01   -2.089368006E+01
    7.876452992E-01   -2.089819314E+01
    8.027457658E-01   -2.090217311E+01
    8.181375697E-01   -2.090563669E+01
    8.337819715E-01   -2.090860197E+01
    8.496300664E-01   -2.091108846E+01
    8.656245589E-01   -2.091311697E+01
    8.817019088E-01   -2.091470944E+01
    8.977947439E-01   -2.091588869E+01
    9.138344258E-01   -2.091667806E+01
    9.297536448E-01   -2.091710108E+01
    9.454889280E-01   -2.091718105E+01
    9.609829479E-01   -2.091694073E+01
    9.761865403E-01   -2.091640196E+01
    9.910603537E-01   -2.091558536E+01
    1.005576077E+00   -2.091451007E+01
    1.019717213E+00   -2.091319360E+01
    1.033479387E+00   -2.091165163E+01
    1.046870188E+00   -2.090989801E+01
    1.059908579E+00   -2.090794468E+01
    1.072623892E+00   -2.090580178E+01
    1.085054464E+00   -2.090347768E+01
    1.097245963E+00   -2.090097920E+01
    1.109249464E+00   -2.089831171E+01
    1.121119335E+00   -2.089547938E+01
    1.132911023E+00   -2.089248546E+01
    1.144678794E+00   -2.088933244E+01
    1.156473526E+00   -2.088602242E+01
    1.168340626E+00   -2.088255731E+01
    1.180318166E+00   -2.087893911E+01
    1.192435304E+00   -2.087517015E+01
    1.204711062E+00   -2.087125330E+01
    1.217153534E+00   -2.086719212E+01
    1.229759540E+00   -2.086299101E+01
    1.242514768E+00   -2.085865525E+01
    1.255394389E+00   -2.085419100E+01
    1.268364121E+00   -2.084960529E+01
    1.281381688E+00   -2.084490587E+01
    1.294398609E+00   -2.084010106E+01
    1.307362218E+00   -2.083519959E+01
    1.320217829E+00   -2.083021036E+01
    1.332910938E+00   -2.082514222E+01
    1.345389359E+00   -2.082000376E+01
    1.357605226E+00   -2.081480311E+01
    1.369516749E+00   -2.080954778E+01
    1.381089703E+00   -2.080424448E+01
    1.392298571E+00   -2.079889908E+01
    1.403127340E+00   -2.079351650E+01
    1.413569916E+00   -2.078810076E+01
    1.423630180E+00   -2.078265493E+01
    1.433321670E+00   -2.077718126E+01
    1.442666939E+00   -2.077168122E+01
    1.451696602E+00   -2.076615564E+01
    1.460448105E+00   -2.076060481E+01
    1.468964269E+00   -2.075502866E+01
    1.477291660E+00   -2.074942690E+01
    1.485478819E+00   -2.074379916E+01
    1.493574443E+00   -2.073814515E+01
    1.501625545E+00   -2.073246481E+01
    1.509675698E+00   -2.072675843E+01
    1.517763393E+00   -2.072102678E+01
    1.525920609E+00   -2.071527117E+01
    1.534171633E+00   -2.070949355E+01
    1.542532192E+00   -2.070369650E+01
    1.551008938E+00   -2.069788322E+01
    1.559599300E+00   -2.069205752E+01
    1.568291717E+00   -2.068622369E+01
    1.577066241E+00   -2.068038643E+01
    1.585895469E+00   -2.067455070E+01
    1.594745766E+00   -2.066872152E+01
    1.603578715E+00   -2.066290388E+01
    1.612352727E+00   -2.065710254E+01
    1.621024730E+00   -2.065132187E+01
    1.629551877E+00   -2.064556577E+01
    1.637893188E+00   -2.063983752E+01
    1.646011088E+00   -2.063413974E+01
    1.653872757E+00   -2.062847435E+01
    1.661451285E+00   -2.062284258E+01
    1.668726578E+00   -2.061724500E+01
    1.675685999E+00   -2.061168156E+01
    1.682324744E+00   -2.060615169E+01
    1.688645931E+00   -2.060065440E+01
    1.694660416E+00   -2.059518837E+01
    1.700386357E+00   -2.058975209E+01
    1.705848511E+00   -2.058434398E+01
    1.711077331E+00   -2.057896248E+01
    1.716107848E+00   -2.057360621E+01
    1.720978410E+00   -2.056827404E+01
    1.725729300E+00   -2.056296517E+01
    1.730401281E+00   -2.055767927E+01
    1.735034130E+00   -2.055241646E+01
    1.739665204E+00   -2.054717743E+01
    1.744328101E+00   -2.054196337E+01
    1.749051465E+00   -2.053677603E+01
    1.753857986E+00   -2.053161765E+01
    1.758763635E+00   -2.052649092E+01
    1.763777169E+00   -2.052139884E+01
    1.768899920E+00   -2.051634470E+01
    1.774125876E+00   -2.051133187E+01
    1.779442051E+00   -2.050636372E+01
    1.784829113E+00   -2.050144349E+01
    1.790262244E+00   -2.049657411E+01
    1.795712190E+00   -2.049175814E+01
    1.801146453E+00   -2.048699767E+01
    1.806530566E+00   -2.048229419E+01
    1.811829418E+00   -2.047764865E+01
    1.817008562E+00   -2.047306135E+01
    1.822035469E+00   -2.046853204E+01
    1.826880689E+00   -2.046405990E+01
    1.831518883E+00   -2.045964366E+01
    1.835929687E+00   -2.045528164E+01
    1.840098405E+00   -2.045097189E+01
    1.844016495E+00   -2.044671226E+01
    1.847681839E+00   -2.044250053E+01
    1.851098800E+00   -2.043833451E+01
    1.854278053E+00   -2.043421214E+01
    1.857236200E+00   -2.043013161E+01
    1.859995184E+00   -2.042609139E+01
    1.862581516E+00   -2.042209034E+01
    1.865025338E+00   -2.041812778E+01
    1.867359358E+00   -2.041420349E+01
    1.869617691E+00   -2.041031773E+01
    1.871834650E+00   -2.040647131E+01
    1.874043527E+00   -2.040266546E+01
    1.876275415E+00   -2.039890189E+01
    1.878558114E+00   -2.039518269E+01
    1.880915167E+00   -2.039151024E+01
    1.883365065E+00   -2.038788712E+01
    1.885920636E+00   -2.038431601E+01
    1.888588668E+00   -2.038079959E+01
    1.891369749E+00   -2.037734037E+01
    1.894258347E+00   -2.037394064E+01
    1.897243103E+00   -2.037060232E+01
    1.900307342E+00   -2.036732688E+01
    1.903429753E+00   -2.036411530E+01
    1.906585230E+00   -2.036096803E+01
    1.909745828E+00   -2.035788492E+01
    1.912881796E+00   -2.035486532E+01
    1.915962665E+00   -2.035190808E+01
    1.918958333E+00   -2.034901158E+01
    1.921840138E+00   -2.034617389E+01
    1.924581853E+00   -2.034339278E+01
    1.927160610E+00   -2.034066588E+01
    1.929557685E+00   -2.033799074E+01
    1.931759152E+00   -2.033536498E+01
    1.933756366E+00   -2.033278634E+01
    1.935546264E+00   -2.033025280E+01
    1.937131473E+00   -2.032776265E+01
    1.938520223E+00   -2.032531454E+01
    1.939726065E+00   -2.032290755E+01
    1.940767394E+00   -2.032054121E+01
    1.941666808E+00   -2.031821555E+01
    1.942450311E+00   -2.031593105E+01
    1.943146395E+00   -2.031368868E+01
    1.943785034E+00   -2.031148980E+01
    1.944396621E+00   -2.030933619E+01
    1.945010897E+00   -2.030722990E+01
    1.945655900E+00   -2.030517324E+01
    1.946356994E+00   -2.030316861E+01
    1.947135984E+00   -2.030121847E+01
    1.948010379E+00   -2.029932518E+01
    1.948992810E+00   -2.029749091E+01
    1.950090628E+00   -2.029571753E+01
    1.951305694E+00   -2.029400654E+01
    1.952634362E+00   -2.029235897E+01
    1.954067656E+00   -2.029077538E+01
    1.955591630E+00   -2.028925576E+01
    1.957187892E+00   -2.028779961E+01
    1.958834284E+00   -2.028640592E+01
    1.960505674E+00   -2.028507320E+01
    1.962174855E+00   -2.028379963E+01
    1.963813505E+00   -2.028258306E+01
    1.965393184E+00   -2.028142115E+01
    1.966886332E+00   -2.028031146E+01
    1.968267235E+00   -2.027925155E+01
    1.969512928E+00   -2.027823910E+01
    1.970604004E+00   -2.027727197E+01
    1.971525297E+00   -2.027634829E+01
    1.972266416E+00   -2.027546654E+01
    1.972822122E+00   -2.027462560E+01
    1.973192509E+00   -2.027382478E+01
    1.973383007E+00   -2.027306387E+01
    1.973404193E+00   -2.027234311E+01
    1.973271419E+00   -2.027166320E+01
    1.973004268E+00   -2.027102530E+01
    1.972625865E+00   -2.027043095E+01
    1.972162056E+00   -2.026988202E+01
    1.971640494E+00   -2.026938064E+01
    1.971089666E+00   -2.026892915E+01
    1.970537889E+00   -2.026852996E+01
    1.970012319E+00   -2.026818545E+01
    1.969537995E+00   -2.026789790E+01
    1.969136976E+00   -2.026766937E+01
    1.968827569E+00   -2.026750160E+01
    1.968623703E+00   -2.026739593E+01
    1.968534442E+00   -2.026735324E+01
    1.968563679E+00   -2.026737392E+01
    1.968710000E+00   -2.026745782E+01
    1.968966734E+00   -2.026760428E+01
    1.969322180E+00   -2.026781217E+01
    1.969760010E+00   -2.026807992E+01
    1.970259833E+00   -2.026840560E+01
    1.970797899E+00   -2.026878703E+01
    1.971347927E+00   -2.026922186E+01
    1.971882019E+00   -2.026970766E+01
    1.972371639E+00   -2.027024207E+01
    1.972788615E+00   -2.027082285E+01
    1.973106131E+00   -2.027144800E+01
    1.973299678E+00   -2.027211580E+01
    1.973347915E+00   -2.027282493E+01
    1.973233428E+00   -2.027357449E+01
    1.972943344E+00   -2.027436400E+01
    1.972469786E+00   -2.027519349E+01
    1.971810148E+00   -2.027606342E+01
    1.970967182E+00   -2.027697471E+01
    1.969948901E+00   -2.027792873E+01
    1.968768292E+00   -2.027892718E+01
    1.967442854E+00   -2.027997208E+01
    1.965993981E+00   -2.028106570E+01
    1.964446208E+00   -2.028221042E+01
    1.962826350E+00   -2.028340871E+01
    1.961162561E+00   -2.028466294E+01
    1.959483348E+00   -2.028597538E+01
    1.957816564E+00   -2.028734801E+01
    1.956188434E+00   -2.028878248E+01
    1.954622618E+00   -2.029028001E+01
    1.953139366E+00   -2.029184136E+01
    1.951754784E+00   -2.029346675E+01
    1.950480231E+00   -2.029515588E+01
    1.949321881E+00   -2.029690794E+01
    1.948280462E+00   -2.029872163E+01
    1.947351175E+00   -2.030059524E+01
    1.946523817E+00   -2.030252672E+01
    1.945783096E+00   -2.030451378E+01
    1.945109125E+00   -2.030655400E+01
    1.944478097E+00   -2.030864495E+01
    1.943863098E+00   -2.031078424E+01
    1.943235046E+00   -2.031296971E+01
    1.942563710E+00   -2.031519943E+01
    1.941818774E+00   -2.031747186E+01
    1.940970914E+00   -2.031978583E+01
    1.939992829E+00   -2.032214064E+01
    1.938860211E+00   -2.032453605E+01
    1.937552602E+00   -2.032697232E+01
    1.936054108E+00   -2.032945015E+01
    1.934353958E+00   -2.033197071E+01
    1.932446878E+00   -2.033453555E+01
    1.930333269E+00   -2.033714656E+01
    1.928019192E+00   -2.033980590E+01
    1.925516157E+00   -2.034251590E+01
    1.922840718E+00   -2.034527901E+01
    1.920013903E+00   -2.034809763E+01
    1.917060483E+00   -2.035097406E+01
    1.914008113E+00   -2.035391040E+01
    1.910886360E+00   -2.035690840E+01
    1.907725671E+00   -2.035996944E+01
    1.904556279E+00   -2.036309441E+01
    1.901407119E+00   -2.036628368E+01
    1.898304760E+00   -2.036953707E+01
    1.895272409E+00   -2.037285384E+01
    1.892329010E+00   -2.037623274E+01
    1.889488486E+00   -2.037967204E+01
    1.886759144E+00   -2.038316961E+01
    1.884143279E+00   -2.038672301E+01
    1.881636988E+00   -2.039032964E+01
    1.879230224E+00   -2.039398679E+01
    1.876907067E+00   -2.039769183E+01
    1.874646233E+00   -2.040144226E+01
    1.872421782E+00   -2.040523586E+01
    1.870204011E+00   -2.040907073E+01
    1.867960493E+00   -2.041294541E+01
    1.865657222E+00   -2.041685891E+01
    1.863259817E+00   -2.042081070E+01
    1.860734747E+00   -2.042480079E+01
    1.858050514E+00   -2.042882966E+01
    1.855178771E+00   -2.043289824E+01
    1.852095323E+00   -2.043700788E+01
    1.848780979E+00   -2.044116029E+01
    1.845222231E+00   -2.044535743E+01
    1.841411732E+00   -2.044960143E+01
    1.837348571E+00   -2.045389450E+01
    1.833038316E+00   -2.045823885E+01
    1.828492849E+00   -2.046263652E+01
    1.823729977E+00   -2.046708933E+01
    1.818772829E+00   -2.047159874E+01
    1.813649079E+00   -2.047616578E+01
    1.808389978E+00   -2.048079096E+01
    1.803029252E+00   -2.048547423E+01
    1.797601888E+00   -2.049021494E+01
    1.792142840E+00   -2.049501182E+01
    1.786685710E+00   -2.049986305E+01
    1.781261440E+00   -2.050476628E+01
    1.775897070E+00   -2.050971871E+01
    1.770614621E+00   -2.051471722E+01
    1.765430137E+00   -2.051975851E+01
    1.760352941E+00   -2.052483915E+01
    1.755385147E+00   -2.052995582E+01
    1.750521439E+00   -2.053510535E+01
    1.745749146E+00   -2.054028491E+01
    1.741048607E+00   -2.054549204E+01
    1.736393818E+00   -2.055072476E+01
    1.731753322E+00   -2.055598161E+01
    1.727091325E+00   -2.056126168E+01
    1.722368972E+00   -2.056656460E+01
    1.717545750E+00   -2.057189048E+01
    1.712580941E+00   -2.057723993E+01
    1.707435093E+00   -2.058261393E+01
    1.702071445E+00   -2.058801376E+01
    1.696457246E+00   -2.059344090E+01
    1.690564950E+00   -2.059889695E+01
    1.684373222E+00   -2.060438346E+01
    1.677867737E+00   -2.060990183E+01
    1.671041744E+00   -2.061545322E+01
    1.663896371E+00   -2.062103839E+01
    1.656440658E+00   -2.062665763E+01
    1.648691320E+00   -2.063231065E+01
    1.640672226E+00   -2.063799652E+01
    1.632413610E+00   -2.064371362E+01
    1.623951033E+00   -2.064945962E+01
    1.615324113E+00   -2.065523154E+01
    1.606575066E+00   -2.066102573E+01
    1.597747108E+00   -2.066683801E+01
    1.588882766E+00   -2.067266377E+01
    1.580022168E+00   -2.067849810E+01
    1.571201384E+00   -2.068433595E+01
    1.562450897E+00   -2.069017231E+01
    1.553794262E+00   -2.069600233E+01
    1.545247031E+00   -2.070182153E+01
    1.536815994E+00   -2.070762584E+01
    1.528498773E+00   -2.071341178E+01
    1.520283791E+00   -2.071917648E+01
    1.512150618E+00   -2.072491770E+01
    1.504070688E+00   -2.073063385E+01
    1.496008333E+00   -2.073632390E+01
    1.487922114E+00   -2.074198737E+01
    1.479766365E+00   -2.074762416E+01
    1.471492915E+00   -2.075323447E+01
    1.463052894E+00   -2.075881865E+01
    1.454398572E+00   -2.076437703E+01
    1.445485163E+00   -2.076990980E+01
    1.436272524E+00   -2.077541683E+01
    1.426726707E+00   -2.078089755E+01
    1.416821290E+00   -2.078635077E+01
    1.406538473E+00   -2.079177460E+01
    1.395869864E+00   -2.079716632E+01
    1.384816951E+00   -2.080252232E+01
    1.373391220E+00   -2.080783807E+01
    1.361613909E+00   -2.081310811E+01
    1.349515382E+00   -2.081832606E+01
    1.337134144E+00   -2.082348474E+01
    1.324515508E+00   -2.082857625E+01
    1.311709950E+00   -2.083359216E+01
    1.298771214E+00   -2.083852368E+01
    1.285754223E+00   -2.084336189E+01
    1.272712892E+00   -2.084809791E+01
    1.259697935E+00   -2.085272321E+01
    1.246754765E+00   -2.085722971E+01
    1.233921582E+00   -2.086161005E+01
    1.221227752E+00   -2.086585762E+01
    1.208692556E+00   -2.086996674E+01
    1.196324362E+00   -2.087393259E+01
    1.184120260E+00   -2.087775123E+01
    1.172066192E+00   -2.088141947E+01
    1.160137534E+00   -2.088493476E+01
    1.148300140E+00   -2.088829496E+01
    1.136511753E+00   -2.089149811E+01
    1.124723758E+00   -2.089454225E+01
    1.112883170E+00   -2.089742504E+01
    1.100934801E+00   -2.090014361E+01
    1.088823501E+00   -2.090269419E+01
    1.076496407E+00   -2.090507194E+01
    1.063905118E+00   -2.090727068E+01
    1.051007706E+00   -2.090928273E+01
    1.037770522E+00   -2.091109869E+01
    1.024169707E+00   -2.091270737E+01
    1.010192366E+00   -2.091409573E+01
    9.958373583E-01   -2.091524882E+01
    9.811156524E-01   -2.091614986E+01
    9.660502368E-01   -2.091678031E+01
    9.506755573E-01   -2.091712010E+01
    9.350364952E-01   -2.091714777E+01
    9.191869040E-01   -2.091684083E+01
    9.031877529E-01   -2.091617605E+01
    8.871049396E-01   -2.091512979E+01
    8.710068607E-01   -2.091367846E+01
    8.549618413E-01   -2.091179880E+01
    8.390355408E-01   -2.090946830E+01
    8.232884552E-01   -2.090666544E+01
    8.077736345E-01   -2.090336997E+01
    7.925347272E-01   -2.089956299E+01
    7.776044413E-01   -2.089522703E+01
    7.630034968E-01   -2.089034593E+01
    7.487401108E-01   -2.088490463E+01
    7.348100326E-01   -2.087888880E+01
    7.211971191E-01   -2.087228437E+01
    7.078744123E-01   -2.086507699E+01
    6.948056620E-01   -2.085725129E+01
    6.819472209E-01   -2.084879017E+01
    6.692502229E-01   -2.083967398E+01
    6.566629563E-01   -2.082987972E+01
    6.441333344E-01   -2.081938017E+01
    6.316113715E-01   -2.080814311E+01
    6.190515760E-01   -2.079613057E+01
    6.064151774E-01   -2.078329809E+01
    5.936721127E-01   -2.076959416E+01
    5.808027056E-01   -2.075495963E+01
    5.677989834E-01   -2.073932743E+01
    5.546655852E-01   -2.072262227E+01
    5.414202299E-01   -2.070476068E+01
    5.280937245E-01   -2.068565125E+01
    5.147295119E-01   -2.066519515E+01
    5.013827713E-01   -2.064328708E+01
    4.881191061E-01   -2.061981667E+01
    4.750128700E-01   -2.059467037E+01
    4.621451981E-01   -2.056773404E+01
    4.496018251E-01   -2.053889620E+01
    4.374707796E-01   -2.050805203E+01
    4.258400502E-01   -2.047510809E+01
    4.147953144E-01   -2.043998771E+01
    4.044178184E-01   -2.040263690E+01
    3.947824825E-01   -2.036303038E+01
    3.859562933E-01   -2.032117751E+01
    3.779970286E-01   -2.027712747E+01
    3.709523428E-01   -2.023097320E+01
    3.648592246E-01   -2.018285359E+01
    3.597438213E-01   -2.013295335E+01
    3.556216096E-01   -2.008150038E+01
    3.524978770E-01   -2.002876053E+01
    3.503684674E-01   -1.997503007E+01
    3.492207331E-01   -1.992062631E+01
    3.490346308E-01   -1.986587712E+01
    3.497838981E-01   -1.981111025E+01
    3.514372489E-01   -1.975664314E+01
    3.539595343E-01   -1.970277407E+01
    3.573128265E-01   -1.964977492E+01
    3.614573942E-01   -1.959788614E+01
    3.663525514E-01   -1.954731359E+01
    3.719573724E-01   -1.949822739E+01
    3.782312749E-01   -1.945076242E+01
    3.851344801E-01   -1.940502000E+01
    3.926283631E-01   -1.936107063E+01
    4.006757085E-01   -1.931895723E+01
    4.092408868E-01   -1.927869869E+01
    4.182899667E-01   -1.924029346E+01
    4.277907757E-01   -1.920372309E+01
    4.377129215E-01   -1.916895541E+01
    4.480277811E-01   -1.913594751E+01
    4.587084677E-01   -1.910464833E+01
    4.697297784E-01   -1.907500086E+01
    4.810681292E-01   -1.904694405E+01
    4.927014789E-01   -1.902041438E+01
    5.046092461E-01   -1.899534711E+01
    5.167722190E-01   -1.897167735E+01
    5.291724620E-01   -1.894934084E+01
    5.417932189E-01   -1.892827456E+01
    5.546188146E-01   -1.890841721E+01
    5.676345558E-01   -1.888970954E+01
    5.808266331E-01   -1.887209457E+01
    5.941820247E-01   -1.885551773E+01
    6.076884026E-01   -1.883992696E+01
    6.213340441E-01   -1.882527268E+01
    6.351077480E-01   -1.881150785E+01
    6.489987572E-01   -1.879858785E+01
    6.629966892E-01   -1.878647045E+01
    6.770914749E-01   -1.877511572E+01
    6.912733056E-01   -1.876448592E+01
    7.055325903E-01   -1.875454541E+01
    7.198599226E-01   -1.874526054E+01
    7.342460566E-01   -1.873659957E+01
    7.486818938E-01   -1.872853251E+01
    7.631584778E-01   -1.872103106E+01
    7.776669983E-01   -1.871406852E+01
    7.921988028E-01   -1.870761966E+01
    8.067454144E-01   -1.870166064E+01
    8.212985561E-01   -1.869616896E+01
    8.358501783E-01   -1.869112332E+01
    8.503924894E-01   -1.868650361E+01
    8.649179885E-01   -1.868229077E+01
    8.794194968E-01   -1.867846678E+01
    8.938901880E-01   -1.867501457E+01
    9.083236167E-01   -1.867191796E+01
    9.227137415E-01   -1.866916162E+01
    9.370549437E-01   -1.866673101E+01
    9.513420399E-01   -1.866461234E+01
    9.655702882E-01   -1.866279249E+01
    9.797353867E-01   -1.866125901E+01
    9.938334656E-01   -1.866000009E+01
    1.007861071E+00   -1.865900446E+01
    1.021815143E+00   -1.865826142E+01
    1.035692985E+00   -1.865776076E+01
    1.049492232E+00   -1.865749278E+01
    1.063210806E+00   -1.865744819E+01
    1.076846877E+00   -1.865761818E+01
    1.090398816E+00   -1.865799428E+01
    1.103865143E+00   -1.865856843E+01
    1.117244487E+00   -1.865933293E+01
    1.130535536E+00   -1.866028039E+01
    1.143736992E+00   -1.866140373E+01
    1.156847536E+00   -1.866269618E+01
    1.169865790E+00   -1.866415124E+01
    1.182790293E+00   -1.866576266E+01
    1.195619472E+00   -1.866752444E+01
    1.208351638E+00   -1.866943081E+01
    1.220984969E+00   -1.867147622E+01
    1.233517518E+00   -1.867365531E+01
    1.245947218E+00   -1.867596291E+01
    1.258271901E+00   -1.867839406E+01
    1.270489315E+00   -1.868094392E+01
    1.282597155E+00   -1.868360785E+01
    1.294593096E+00   -1.868638135E+01
    1.306474828E+00   -1.868926005E+01
    1.318240094E+00   -1.869223974E+01
    1.329886727E+00   -1.869531632E+01
    1.341412696E+00   -1.869848582E+01
    1.352816134E+00   -1.870174437E+01
    1.364095378E+00   -1.870508824E+01
    1.375249001E+00   -1.870851377E+01
    1.386275829E+00   -1.871201744E+01
    1.397174968E+00   -1.871559579E+01
    1.407945813E+00   -1.871924548E+01
    1.418588054E+00   -1.872296323E+01
    1.429101674E+00   -1.872674589E+01
    1.439486939E+00   -1.873059035E+01
    1.449744384E+00   -1.873449361E+01
    1.459874786E+00   -1.873845271E+01
    1.469879141E+00   -1.874246482E+01
    1.479758625E+00   -1.874652714E+01
    1.489514560E+00   -1.875063696E+01
    1.499148372E+00   -1.875479163E+01
    1.508661548E+00   -1.875898859E+01
    1.518055597E+00   -1.876322531E+01
    1.527332003E+00   -1.876749937E+01
    1.536492195E+00   -1.877180839E+01
    1.545537503E+00   -1.877615004E+01
    1.554469132E+00   -1.878052208E+01
    1.563288136E+00   -1.878492233E+01
    1.571995398E+00   -1.878934864E+01
    1.580591621E+00   -1.879379894E+01
    1.589077320E+00   -1.879827123E+01
    1.597452825E+00   -1.880276355E+01
    1.605718293E+00   -1.880727399E+01
    1.613873721E+00   -1.881180070E+01
    1.621918970E+00   -1.881634190E+01
    1.629853791E+00   -1.882089582E+01
    1.637677859E+00   -1.882546079E+01
    1.645390807E+00   -1.883003514E+01
    1.652992263E+00   -1.883461728E+01
    1.660481887E+00   -1.883920566E+01
    1.667859409E+00   -1.884379875E+01
    1.675124665E+00   -1.884839509E+01
    1.682277630E+00   -1.885299324E+01
    1.689318441E+00   -1.885759181E+01
    1.696247429E+00   -1.886218944E+01
    1.703065129E+00   -1.886678480E+01
    1.709772295E+00   -1.887137661E+01
    1.716369902E+00   -1.887596359E+01
    1.722859146E+00   -1.888054453E+01
    1.729241432E+00   -1.888511822E+01
    1.735518358E+00   -1.888968348E+01
    1.741691694E+00   -1.889423918E+01
    1.747763355E+00   -1.889878418E+01
    1.753735369E+00   -1.890331738E+01
    1.759609840E+00   -1.890783772E+01
    1.765388912E+00   -1.891234415E+01
    1.771074731E+00   -1.891683563E+01
    1.776669408E+00   -1.892131116E+01
    1.782174978E+00   -1.892576977E+01
    1.787593373E+00   -1.893021050E+01
    1.792926385E+00   -1.893463241E+01
    1.798175646E+00   -1.893903460E+01
    1.803342605E+00   -1.894341618E+01
    1.808428516E+00   -1.894777628E+01
    1.813434432E+00   -1.895211409E+01
    1.818361204E+00   -1.895642877E+01
    1.823209485E+00   -1.896071957E+01
    1.827979749E+00   -1.896498570E+01
    1.832672305E+00   -1.896922646E+01
    1.837287325E+00   -1.897344112E+01
    1.841824870E+00   -1.897762902E+01
    1.846284924E+00   -1.898178951E+01
    1.850667429E+00   -1.898592196E+01
    1.854972319E+00   -1.899002577E+01
    1.859199560E+00   -1.899410038E+01
    1.863349177E+00   -1.899814523E+01
    1.867421294E+00   -1.900215979E+01
    1.871416156E+00   -1.900614358E+01
    1.875334157E+00   -1.901009610E+01
    1.879175856E+00   -1.901401689E+01
    1.882941990E+00   -1.901790552E+01
    1.886633481E+00   -1.902176155E+01
    1.890251436E+00   -1.902558458E+01
    1.893797138E+00   -1.902937422E+01
    1.897272034E+00   -1.903313007E+01
    1.900677718E+00   -1.903685177E+01
    1.904015903E+00   -1.904053895E+01
    1.907288397E+00   -1.904419127E+01
    1.910497068E+00   -1.904780837E+01
    1.913643811E+00   -1.905138992E+01
    1.916730512E+00   -1.905493558E+01
    1.919759015E+00   -1.905844502E+01
    1.922731088E+00   -1.906191793E+01
    1.925648389E+00   -1.906535399E+01
    1.928512440E+00   -1.906875287E+01
    1.931324604E+00   -1.907211428E+01
    1.934086068E+00   -1.907543791E+01
    1.936797826E+00   -1.907872346E+01
    1.939460678E+00   -1.908197065E+01
    1.942075227E+00   -1.908517920E+01
    1.944641887E+00   -1.908834882E+01
    1.947160895E+00   -1.909147926E+01
    1.949632330E+00   -1.909457027E+01
    1.952056138E+00   -1.909762160E+01
    1.954432155E+00   -1.910063303E+01
    1.956760142E+00   -1.910360433E+01
    1.959039818E+00   -1.910653531E+01
    1.961270891E+00   -1.910942578E+01
    1.963453095E+00   -1.911227556E+01
    1.965586218E+00   -1.911508449E+01
    1.967670140E+00   -1.911785243E+01
    1.969704850E+00   -1.912057924E+01
    1.971690476E+00   -1.912326481E+01
    1.973627297E+00   -1.912590904E+01
    1.975515756E+00   -1.912851183E+01
    1.977356466E+00   -1.913107309E+01
    1.979150207E+00   -1.913359276E+01
    1.980897922E+00   -1.913607077E+01
    1.982600701E+00   -1.913850706E+01
    1.984259761E+00   -1.914090158E+01
    1.985876428E+00   -1.914325429E+01
    1.987452105E+00   -1.914556513E+01
    1.988988242E+00   -1.914783406E+01
    1.990486306E+00   -1.915006105E+01
    1.991947746E+00   -1.915224603E+01
    1.993373960E+00   -1.915438896E+01
    1.994766265E+00   -1.915648980E+01
    1.996125866E+00   -1.915854848E+01
    1.997453834E+00   -1.916056494E+01
    1.998751081E+00   -1.916253913E+01
    2.000018348E+00   -1.916447097E+01
    2.001256192E+00   -1.916636038E+01
    2.002464985E+00   -1.916820731E+01
    2.003644914E+00   -1.917001165E+01
    2.004795989E+00   -1.917177334E+01
    2.005918059E+00   -1.917349230E+01
    2.007010828E+00   -1.917516844E+01
    2.008073884E+00   -1.917680168E+01
    2.009106722E+00   -1.917839195E+01
    2.010108775E+00   -1.917993917E+01
    2.011079448E+00   -1.918144329E+01
    2.012018150E+00   -1.918290423E+01
    2.012924326E+00   -1.918432195E+01
    2.013797488E+00   -1.918569640E+01
    2.014637241E+00   -1.918702754E+01
    2.015443308E+00   -1.918831534E+01
    2.016215553E+00   -1.918955979E+01
    2.016953989E+00   -1.919076089E+01
    2.017658791E+00   -1.919191862E+01
    2.018330298E+00   -1.919303299E+01
    2.018969009E+00   -1.919410403E+01
    2.019575573E+00   -1.919513176E+01
    2.020150778E+00   -1.919611621E+01
    2.020695524E+00   -1.919705740E+01
    2.021210805E+00   -1.919795538E+01
    2.021697677E+00   -1.919881019E+01
    2.022157231E+00   -1.919962186E+01
    2.022590559E+00   -1.920039044E+01
    2.022998720E+00   -1.920111595E+01
    2.023382712E+00   -1.920179844E+01
    2.023743442E+00   -1.920243792E+01
    2.024081696E+00   -1.920303443E+01
    2.024398121E+00   -1.920358796E+01
    2.024693203E+00   -1.920409854E+01
    2.024967255E+00   -1.920456616E+01
    2.025220413E+00   -1.920499082E+01
    2.025452629E+00   -1.920537249E+01
    2.025663682E+00   -1.920571115E+01
    2.025853184E+00   -1.920600678E+01
    2.026020599E+00   -1.920625934E+01
    2.026165264E+00   -1.920646879E+01
    2.026286413E+00   -1.920663509E+01
    2.026383205E+00   -1.920675818E+01
    2.026454757E+00   -1.920683803E+01
    2.026500175E+00   -1.920687458E+01
    2.026518586E+00   -1.920686780E+01
    2.026509169E+00   -1.920681763E+01
    2.026471182E+00   -1.920672405E+01
    2.026403992E+00   -1.920658701E+01
    2.026307092E+00   -1.920640650E+01
    2.026180122E+00   -1.920618249E+01
    2.026022876E+00   -1.920591498E+01
    2.025835311E+00   -1.920560396E+01
    2.025617547E+00   -1.920524944E+01
    2.025369856E+00   -1.920485143E+01
    2.025092655E+00   -1.920440995E+01
    2.024786485E+00   -1.920392504E+01
    2.024451992E+00   -1.920339673E+01
    2.024089897E+00   -1.920282506E+01
    2.023700969E+00   -1.920221007E+01
    2.023285994E+00   -1.920155182E+01
    2.022845741E+00   -1.920085035E+01
    2.022380933E+00   -1.920010572E+01
    2.021892212E+00   -1.919931797E+01
    2.021380114E+00   -1.919848716E+01
    2.020845045E+00   -1.919761333E+01
    2.020287256E+00   -1.919669652E+01
    2.019706832E+00   -1.919573676E+01
    2.019103678E+00   -1.919473409E+01
    2.018477519E+00   -1.919368852E+01
    2.017827898E+00   -1.919260007E+01
