   2.2720788324761814        0.0000000000000000     
   2.2720416258706848       -1.0727532074801757E+020
   2.2719300352574674       -1.3561327126603742E+020
   2.2717441561470371        4.2439915819305446E-314
   2.2714841424805621        1.4005172223928070E-312
   2.2711501989053424        1.4217174493363527E-312
   2.2707425703619371        0.0000000000000000     
   2.2702615293675668        6.9523693067011121E-310
   2.2697073614655876        0.0000000000000000     
   2.2690803493787328        4.9406564584124654E-324
   2.2683807564519411        0.0000000000000000     
   2.2676088099972227        4.9406564584124654E-324
   2.2667646851571450        0.0000000000000000     
   2.2658484898850508        0.0000000000000000     
   2.2648602515997158        0.0000000000000000     
   2.2637999060113065        6.9523693067083749E-310
   2.2626672885364365        0.0000000000000000     
   2.2614621286256864        1.4920283794542733E-315
   2.2601840472206485        0.0000000000000000     
   2.2588325574431471        0.0000000000000000     
   2.2574070685009744        6.9523692818377031E-310
   2.2559068926765695        1.4217371634251773E-312
   2.2543312551517416        1.0771166268558810E-311
   2.2526793063170278        1.0771165932910373E-311
   2.2509501361222952        0.0000000000000000     
   2.2491427899491696        0.0000000000000000     
   2.2472562854285796        1.3092739614793033E-321
   2.2452896295902836        6.9523692886926664E-310
   2.2432418357171215        1.0771165997731786E-311
   2.2411119392854553        1.4217371641020472E-312
   2.2388990124046697        1.0771165931250312E-311
   2.2366021762215764        1.3092739614793033E-321
   2.2342206108283418        1.0771166268558810E-311
   2.2317535623024956        1.0771166274329497E-311
   2.2292003466115227        5.0592322134143646E-321
   2.2265603502287408        6.9523692906373581E-310
   2.2238330274274545        1.0771165931250312E-311
   2.2210178943424350        1.4217371641020472E-312
   2.2181145200070933        1.0771166274250446E-311
   2.2151225146869167        1.0771165997731786E-311
   2.2120415159307294        1.3092739614793033E-321
   2.2088711728472967        1.3092739614793033E-321
   2.2056111291826057        2.1219957909652723E-314
   2.2022610058202075        1.0771166268558810E-311
   2.1988203833515572        0.0000000000000000     
   2.1952887853643364        1.0771166268637861E-311
   2.1916656630742017        0.0000000000000000     
   2.1879503818800052        1.3092739614793033E-321
   2.1841422103558799        1.0771183236275048E-311
   2.1802403121080092        4.4349712031174191E-312
   2.1762437408224895        0.0000000000000000     
   2.1721514387170227        5.6916362400911602E-321
   2.1679622384873745        1.0771166268558810E-311
   2.1636748687139136        1.0771183093826041E-311
   2.1592879625686683        1.0771166268558810E-311
   2.1548000695436866        0.0000000000000000     
   2.1502096698113760        1.0721224514755050E-321
   2.1455151907309280        6.9523692886926664E-310
   2.1407150249354743        1.0771183139042929E-311
   2.1358075493750945        6.3240402667679558E-322
   2.1307911446535854        1.0771183092165980E-311
   2.1256642139832977        6.9522948099502429E-310
   2.1204252010931031        1.0771165998127038E-311
   2.1150726064593099        1.0771165932910373E-311
   2.1096050012870782        1.6650012264850009E-321
   2.1040210387485812        6.9523692906524271E-310
   2.0983194620812000        1.0771183092165980E-311
   2.0924991092609746        1.0771165931250312E-311
   2.0865589140894856        1.0771183236986502E-311
   2.0804979036619402        1.0771183093826041E-311
   2.0743151923158418        0.0000000000000000     
   2.0680099722885337        0.0000000000000000     
   2.0615815014334551        9.9307194814090555E-322
   2.0550290884547082        6.9523692886926664E-310
   2.0483520762134590        1.0771183139042929E-311
   2.0415498237343748        1.4217371659202088E-312
   2.0346216875928413        1.0771183092165980E-311
   2.0275670033921904        9.9307194814090555E-322
   2.0203850680433710        1.0771183236986502E-311
   2.0130751235372295        1.0771183237935108E-311
   2.0056363428524611        5.0592322134143646E-321
   1.9980678185719827        6.9523692906373581E-310
   1.9903685546892900        1.0771183092165980E-311
   1.9825374619775924        1.4217371659202088E-312
   1.9745733571718753        1.0771183237856058E-311
   1.9664749660819218        1.0771183139042929E-311
   1.9582409306173902        9.9307194814090555E-322
   1.9498698195691686        9.9307194814090555E-322
   1.9413601428592657        2.1219957909652723E-314
   1.9327103688492322        1.0771183236986502E-311
   1.9239189441888476        6.6312368467664760E-315
   1.9149843155965547        1.0771183237065553E-311
   1.9059049528940872        0.0000000000000000     
   1.8966793725725433        9.9307194814090555E-322
   1.8873061611474473        1.0771183236591250E-311
   1.8777839975670299        1.0758518660193931E-311
   1.8681116739708645        0.0000000000000000     
   1.8582881141541570        8.6955553668059392E-322
   1.8483123891744391        1.0771183236986502E-311
   1.8381837296394412        6.9523692886926664E-310
   1.8279015343339748        1.0771183236986502E-311
