    0.000000000E+00   -1.920688883E+01
    3.000000000E-02   -1.920686717E+01
    6.000000000E-02   -1.920680217E+01
    9.000000000E-02   -1.920669386E+01
    1.200000000E-01   -1.920654223E+01
    1.500000000E-01   -1.920634729E+01
    1.800000000E-01   -1.920610906E+01
    2.100000000E-01   -1.920582754E+01
    2.400000000E-01   -1.920550275E+01
    2.700000000E-01   -1.920513472E+01
    3.000000000E-01   -1.920472345E+01
    3.300000000E-01   -1.920426897E+01
    3.600000000E-01   -1.920377128E+01
    3.900000000E-01   -1.920323041E+01
    4.200000000E-01   -1.920264637E+01
    4.500000000E-01   -1.920201918E+01
    4.800000000E-01   -1.920134885E+01
    5.100000000E-01   -1.920063539E+01
    5.400000000E-01   -1.919987881E+01
    5.700000000E-01   -1.919907911E+01
    6.000000000E-01   -1.919823631E+01
    6.300000000E-01   -1.919735040E+01
    6.600000000E-01   -1.919642139E+01
    6.900000000E-01   -1.919544928E+01
    7.200000000E-01   -1.919443405E+01
    7.500000000E-01   -1.919337573E+01
    7.800000000E-01   -1.919227429E+01
    8.100000000E-01   -1.919112973E+01
    8.400000000E-01   -1.918994207E+01
    8.700000000E-01   -1.918871128E+01
    9.000000000E-01   -1.918743738E+01
    9.300000000E-01   -1.918612037E+01
    9.600000000E-01   -1.918476025E+01
    9.900000000E-01   -1.918335703E+01
    1.020000000E+00   -1.918191073E+01
    1.050000000E+00   -1.918042135E+01
    1.080000000E+00   -1.917888892E+01
    1.110000000E+00   -1.917731347E+01
    1.140000000E+00   -1.917569501E+01
    1.170000000E+00   -1.917403359E+01
    1.200000000E+00   -1.917232925E+01
    1.230000000E+00   -1.917058201E+01
    1.260000000E+00   -1.916879195E+01
    1.290000000E+00   -1.916695909E+01
    1.320000000E+00   -1.916508351E+01
    1.350000000E+00   -1.916316525E+01
    1.380000000E+00   -1.916120439E+01
    1.410000000E+00   -1.915920098E+01
    1.440000000E+00   -1.915715510E+01
    1.470000000E+00   -1.915506682E+01
    1.500000000E+00   -1.915293622E+01
    1.530000000E+00   -1.915076336E+01
    1.560000000E+00   -1.914854833E+01
    1.590000000E+00   -1.914629121E+01
    1.620000000E+00   -1.914399207E+01
    1.650000000E+00   -1.914165101E+01
    1.680000000E+00   -1.913926812E+01
    1.710000000E+00   -1.913684347E+01
    1.740000000E+00   -1.913437715E+01
    1.770000000E+00   -1.913186927E+01
    1.800000000E+00   -1.912931992E+01
    1.830000000E+00   -1.912672920E+01
    1.860000000E+00   -1.912409721E+01
    1.890000000E+00   -1.912142406E+01
    1.920000000E+00   -1.911870986E+01
    1.950000000E+00   -1.911595474E+01
    1.980000000E+00   -1.911315883E+01
    2.010000000E+00   -1.911032224E+01
    2.040000000E+00   -1.910744514E+01
    2.070000000E+00   -1.910452766E+01
    2.100000000E+00   -1.910156996E+01
    2.130000000E+00   -1.909857222E+01
    2.160000000E+00   -1.909553461E+01
    2.190000000E+00   -1.909245731E+01
    2.220000000E+00   -1.908934054E+01
    2.250000000E+00   -1.908618449E+01
    2.280000000E+00   -1.908298939E+01
    2.310000000E+00   -1.907975548E+01
    2.340000000E+00   -1.907648298E+01
    2.370000000E+00   -1.907317218E+01
    2.400000000E+00   -1.906982331E+01
    2.430000000E+00   -1.906643668E+01
    2.460000000E+00   -1.906301257E+01
    2.490000000E+00   -1.905955127E+01
    2.520000000E+00   -1.905605310E+01
    2.550000000E+00   -1.905251840E+01
    2.580000000E+00   -1.904894748E+01
    2.610000000E+00   -1.904534071E+01
    2.640000000E+00   -1.904169843E+01
    2.670000000E+00   -1.903802102E+01
    2.700000000E+00   -1.903430886E+01
    2.730000000E+00   -1.903056234E+01
    2.760000000E+00   -1.902678186E+01
    2.790000000E+00   -1.902296785E+01
    2.820000000E+00   -1.901912072E+01
    2.850000000E+00   -1.901524093E+01
    2.880000000E+00   -1.901132893E+01
    2.910000000E+00   -1.900738518E+01
    2.940000000E+00   -1.900341018E+01
    2.970000000E+00   -1.899940442E+01
    3.000000000E+00   -1.899536841E+01
    3.030000000E+00   -1.899130269E+01
    3.060000000E+00   -1.898720781E+01
    3.090000000E+00   -1.898308433E+01
    3.120000000E+00   -1.897893285E+01
    3.150000000E+00   -1.897475397E+01
    3.180000000E+00   -1.897054831E+01
    3.210000000E+00   -1.896631653E+01
    3.240000000E+00   -1.896205929E+01
    3.270000000E+00   -1.895777730E+01
    3.300000000E+00   -1.895347126E+01
    3.330000000E+00   -1.894914193E+01
    3.360000000E+00   -1.894479006E+01
    3.390000000E+00   -1.894041644E+01
    3.420000000E+00   -1.893602190E+01
    3.450000000E+00   -1.893160728E+01
    3.480000000E+00   -1.892717345E+01
    3.510000000E+00   -1.892272130E+01
    3.540000000E+00   -1.891825177E+01
    3.570000000E+00   -1.891376579E+01
    3.600000000E+00   -1.890926436E+01
    3.630000000E+00   -1.890474848E+01
    3.660000000E+00   -1.890021919E+01
    3.690000000E+00   -1.889567755E+01
    3.720000000E+00   -1.889112466E+01
    3.750000000E+00   -1.888656164E+01
    3.780000000E+00   -1.888198965E+01
    3.810000000E+00   -1.887740988E+01
    3.840000000E+00   -1.887282354E+01
    3.870000000E+00   -1.886823188E+01
    3.900000000E+00   -1.886363619E+01
    3.930000000E+00   -1.885903776E+01
    3.960000000E+00   -1.885443796E+01
    3.990000000E+00   -1.884983816E+01
    4.020000000E+00   -1.884523978E+01
    4.050000000E+00   -1.884064427E+01
    4.080000000E+00   -1.883605312E+01
    4.110000000E+00   -1.883146786E+01
    4.140000000E+00   -1.882689006E+01
    4.170000000E+00   -1.882232132E+01
    4.200000000E+00   -1.881776330E+01
    4.230000000E+00   -1.881321768E+01
    4.260000000E+00   -1.880868620E+01
    4.290000000E+00   -1.880417066E+01
    4.320000000E+00   -1.879967286E+01
    4.350000000E+00   -1.879519470E+01
    4.380000000E+00   -1.879073811E+01
    4.410000000E+00   -1.878630505E+01
    4.440000000E+00   -1.878189757E+01
    4.470000000E+00   -1.877751775E+01
    4.500000000E+00   -1.877316774E+01
    4.530000000E+00   -1.876884973E+01
    4.560000000E+00   -1.876456600E+01
    4.590000000E+00   -1.876031886E+01
    4.620000000E+00   -1.875611070E+01
    4.650000000E+00   -1.875194398E+01
    4.680000000E+00   -1.874782121E+01
    4.710000000E+00   -1.874374498E+01
    4.740000000E+00   -1.873971796E+01
    4.770000000E+00   -1.873574288E+01
    4.800000000E+00   -1.873182255E+01
    4.830000000E+00   -1.872795985E+01
    4.860000000E+00   -1.872415777E+01
    4.890000000E+00   -1.872041936E+01
    4.920000000E+00   -1.871674776E+01
    4.950000000E+00   -1.871314620E+01
    4.980000000E+00   -1.870961800E+01
    5.010000000E+00   -1.870616660E+01
    5.040000000E+00   -1.870279551E+01
    5.070000000E+00   -1.869950837E+01
    5.100000000E+00   -1.869630890E+01
    5.130000000E+00   -1.869320097E+01
    5.160000000E+00   -1.869018855E+01
    5.190000000E+00   -1.868727572E+01
    5.220000000E+00   -1.868446671E+01
    5.250000000E+00   -1.868176589E+01
    5.280000000E+00   -1.867917776E+01
    5.310000000E+00   -1.867670697E+01
    5.340000000E+00   -1.867435834E+01
    5.370000000E+00   -1.867213684E+01
    5.400000000E+00   -1.867004762E+01
    5.430000000E+00   -1.866809603E+01
    5.460000000E+00   -1.866628760E+01
    5.490000000E+00   -1.866462806E+01
    5.520000000E+00   -1.866312339E+01
    5.550000000E+00   -1.866177976E+01
    5.580000000E+00   -1.866060361E+01
    5.610000000E+00   -1.865960165E+01
    5.640000000E+00   -1.865878084E+01
    5.670000000E+00   -1.865814846E+01
    5.700000000E+00   -1.865771209E+01
    5.730000000E+00   -1.865747965E+01
    5.760000000E+00   -1.865745942E+01
    5.790000000E+00   -1.865766005E+01
    5.820000000E+00   -1.865809059E+01
    5.850000000E+00   -1.865876054E+01
    5.880000000E+00   -1.865967985E+01
    5.910000000E+00   -1.866085897E+01
    5.940000000E+00   -1.866230887E+01
    5.970000000E+00   -1.866404108E+01
    6.000000000E+00   -1.866606774E+01
    6.030000000E+00   -1.866840161E+01
    6.060000000E+00   -1.867105617E+01
    6.090000000E+00   -1.867404561E+01
    6.120000000E+00   -1.867738489E+01
    6.150000000E+00   -1.868108986E+01
    6.180000000E+00   -1.868517720E+01
    6.210000000E+00   -1.868966459E+01
    6.240000000E+00   -1.869457072E+01
    6.270000000E+00   -1.869991537E+01
    6.300000000E+00   -1.870571947E+01
    6.330000000E+00   -1.871200522E+01
    6.360000000E+00   -1.871879613E+01
    6.390000000E+00   -1.872611710E+01
    6.420000000E+00   -1.873399457E+01
    6.450000000E+00   -1.874245653E+01
    6.480000000E+00   -1.875153269E+01
    6.510000000E+00   -1.876125453E+01
    6.540000000E+00   -1.877165544E+01
    6.570000000E+00   -1.878277078E+01
    6.600000000E+00   -1.879463801E+01
    6.630000000E+00   -1.880729675E+01
    6.660000000E+00   -1.882078893E+01
    6.690000000E+00   -1.883515880E+01
    6.720000000E+00   -1.885045303E+01
    6.750000000E+00   -1.886672072E+01
    6.780000000E+00   -1.888401344E+01
    6.810000000E+00   -1.890238520E+01
    6.840000000E+00   -1.892189235E+01
    6.870000000E+00   -1.894259343E+01
    6.900000000E+00   -1.896454901E+01
    6.930000000E+00   -1.898782129E+01
    6.960000000E+00   -1.901247373E+01
    6.990000000E+00   -1.903857045E+01
    7.020000000E+00   -1.906617547E+01
    7.050000000E+00   -1.909535173E+01
    7.080000000E+00   -1.912615997E+01
    7.110000000E+00   -1.915865719E+01
    7.140000000E+00   -1.919289498E+01
    7.170000000E+00   -1.922891736E+01
    7.200000000E+00   -1.926675844E+01
    7.230000000E+00   -1.930643962E+01
    7.260000000E+00   -1.934796656E+01
    7.290000000E+00   -1.939132583E+01
    7.320000000E+00   -1.943648151E+01
    7.350000000E+00   -1.948337164E+01
    7.380000000E+00   -1.953190502E+01
    7.410000000E+00   -1.958195833E+01
    7.440000000E+00   -1.963337418E+01
    7.470000000E+00   -1.968596017E+01
    7.500000000E+00   -1.973948942E+01
    7.530000000E+00   -1.979370297E+01
    7.560000000E+00   -1.984831401E+01
    7.590000000E+00   -1.990301419E+01
    7.620000000E+00   -1.995748171E+01
    7.650000000E+00   -2.001139091E+01
    7.680000000E+00   -2.006442256E+01
    7.710000000E+00   -2.011627439E+01
    7.740000000E+00   -2.016667073E+01
    7.770000000E+00   -2.021537074E+01
    7.800000000E+00   -2.026217450E+01
    7.830000000E+00   -2.030692661E+01
    7.860000000E+00   -2.034951735E+01
    7.890000000E+00   -2.038988135E+01
    7.920000000E+00   -2.042799442E+01
    7.950000000E+00   -2.046386882E+01
    7.980000000E+00   -2.049754772E+01
    8.010000000E+00   -2.052909920E+01
    8.040000000E+00   -2.055861029E+01
    8.070000000E+00   -2.058618147E+01
    8.100000000E+00   -2.061192169E+01
    8.130000000E+00   -2.063594408E+01
    8.160000000E+00   -2.065836242E+01
    8.190000000E+00   -2.067928835E+01
    8.220000000E+00   -2.069882918E+01
    8.250000000E+00   -2.071708631E+01
    8.280000000E+00   -2.073415410E+01
    8.310000000E+00   -2.075011919E+01
    8.340000000E+00   -2.076506014E+01
    8.370000000E+00   -2.077904734E+01
    8.400000000E+00   -2.079214311E+01
    8.430000000E+00   -2.080440206E+01
    8.460000000E+00   -2.081587148E+01
    8.490000000E+00   -2.082659196E+01
    8.520000000E+00   -2.083659801E+01
    8.550000000E+00   -2.084591881E+01
    8.580000000E+00   -2.085457903E+01
    8.610000000E+00   -2.086259957E+01
    8.640000000E+00   -2.086999844E+01
    8.670000000E+00   -2.087679156E+01
    8.700000000E+00   -2.088299354E+01
    8.730000000E+00   -2.088861837E+01
    8.760000000E+00   -2.089368006E+01
    8.790000000E+00   -2.089819314E+01
    8.820000000E+00   -2.090217311E+01
    8.850000000E+00   -2.090563669E+01
    8.880000000E+00   -2.090860197E+01
    8.910000000E+00   -2.091108846E+01
    8.940000000E+00   -2.091311697E+01
    8.970000000E+00   -2.091470944E+01
    9.000000000E+00   -2.091588869E+01
    9.030000000E+00   -2.091667806E+01
    9.060000000E+00   -2.091710108E+01
    9.090000000E+00   -2.091718105E+01
    9.120000000E+00   -2.091694073E+01
    9.150000000E+00   -2.091640196E+01
    9.180000000E+00   -2.091558536E+01
    9.210000000E+00   -2.091451007E+01
    9.240000000E+00   -2.091319360E+01
    9.270000000E+00   -2.091165163E+01
    9.300000000E+00   -2.090989801E+01
    9.330000000E+00   -2.090794468E+01
    9.360000000E+00   -2.090580178E+01
    9.390000000E+00   -2.090347768E+01
    9.420000000E+00   -2.090097920E+01
    9.450000000E+00   -2.089831171E+01
    9.480000000E+00   -2.089547938E+01
    9.510000000E+00   -2.089248546E+01
    9.540000000E+00   -2.088933244E+01
    9.570000000E+00   -2.088602242E+01
    9.600000000E+00   -2.088255731E+01
    9.630000000E+00   -2.087893911E+01
    9.660000000E+00   -2.087517015E+01
    9.690000000E+00   -2.087125330E+01
    9.720000000E+00   -2.086719212E+01
    9.750000000E+00   -2.086299101E+01
    9.780000000E+00   -2.085865525E+01
    9.810000000E+00   -2.085419100E+01
    9.840000000E+00   -2.084960529E+01
    9.870000000E+00   -2.084490587E+01
    9.900000000E+00   -2.084010106E+01
    9.930000000E+00   -2.083519959E+01
    9.960000000E+00   -2.083021036E+01
    9.990000000E+00   -2.082514222E+01
    1.002000000E+01   -2.082000376E+01
    1.005000000E+01   -2.081480311E+01
    1.008000000E+01   -2.080954778E+01
    1.011000000E+01   -2.080424448E+01
    1.014000000E+01   -2.079889908E+01
    1.017000000E+01   -2.079351650E+01
    1.020000000E+01   -2.078810076E+01
    1.023000000E+01   -2.078265493E+01
    1.026000000E+01   -2.077718126E+01
    1.029000000E+01   -2.077168122E+01
    1.032000000E+01   -2.076615564E+01
    1.035000000E+01   -2.076060481E+01
    1.038000000E+01   -2.075502866E+01
    1.041000000E+01   -2.074942690E+01
    1.044000000E+01   -2.074379916E+01
    1.047000000E+01   -2.073814515E+01
    1.050000000E+01   -2.073246481E+01
    1.053000000E+01   -2.072675843E+01
    1.056000000E+01   -2.072102678E+01
    1.059000000E+01   -2.071527117E+01
    1.062000000E+01   -2.070949355E+01
    1.065000000E+01   -2.070369650E+01
    1.068000000E+01   -2.069788322E+01
    1.071000000E+01   -2.069205752E+01
    1.074000000E+01   -2.068622369E+01
    1.077000000E+01   -2.068038643E+01
    1.080000000E+01   -2.067455070E+01
    1.083000000E+01   -2.066872152E+01
    1.086000000E+01   -2.066290388E+01
    1.089000000E+01   -2.065710254E+01
    1.092000000E+01   -2.065132187E+01
    1.095000000E+01   -2.064556577E+01
    1.098000000E+01   -2.063983752E+01
    1.101000000E+01   -2.063413974E+01
    1.104000000E+01   -2.062847435E+01
    1.107000000E+01   -2.062284258E+01
    1.110000000E+01   -2.061724500E+01
    1.113000000E+01   -2.061168156E+01
    1.116000000E+01   -2.060615169E+01
    1.119000000E+01   -2.060065440E+01
    1.122000000E+01   -2.059518837E+01
    1.125000000E+01   -2.058975209E+01
    1.128000000E+01   -2.058434398E+01
    1.131000000E+01   -2.057896248E+01
    1.134000000E+01   -2.057360621E+01
    1.137000000E+01   -2.056827404E+01
    1.140000000E+01   -2.056296517E+01
    1.143000000E+01   -2.055767927E+01
    1.146000000E+01   -2.055241646E+01
    1.149000000E+01   -2.054717743E+01
    1.152000000E+01   -2.054196337E+01
    1.155000000E+01   -2.053677603E+01
    1.158000000E+01   -2.053161765E+01
    1.161000000E+01   -2.052649092E+01
    1.164000000E+01   -2.052139884E+01
    1.167000000E+01   -2.051634470E+01
    1.170000000E+01   -2.051133187E+01
    1.173000000E+01   -2.050636372E+01
    1.176000000E+01   -2.050144349E+01
    1.179000000E+01   -2.049657411E+01
    1.182000000E+01   -2.049175814E+01
    1.185000000E+01   -2.048699767E+01
    1.188000000E+01   -2.048229419E+01
    1.191000000E+01   -2.047764865E+01
    1.194000000E+01   -2.047306135E+01
    1.197000000E+01   -2.046853204E+01
    1.200000000E+01   -2.046405990E+01
    1.203000000E+01   -2.045964366E+01
    1.206000000E+01   -2.045528164E+01
    1.209000000E+01   -2.045097189E+01
    1.212000000E+01   -2.044671226E+01
    1.215000000E+01   -2.044250053E+01
    1.218000000E+01   -2.043833451E+01
    1.221000000E+01   -2.043421214E+01
    1.224000000E+01   -2.043013161E+01
    1.227000000E+01   -2.042609139E+01
    1.230000000E+01   -2.042209034E+01
    1.233000000E+01   -2.041812778E+01
    1.236000000E+01   -2.041420349E+01
    1.239000000E+01   -2.041031773E+01
    1.242000000E+01   -2.040647131E+01
    1.245000000E+01   -2.040266546E+01
    1.248000000E+01   -2.039890189E+01
    1.251000000E+01   -2.039518269E+01
    1.254000000E+01   -2.039151024E+01
    1.257000000E+01   -2.038788712E+01
    1.260000000E+01   -2.038431601E+01
    1.263000000E+01   -2.038079959E+01
    1.266000000E+01   -2.037734037E+01
    1.269000000E+01   -2.037394064E+01
    1.272000000E+01   -2.037060232E+01
    1.275000000E+01   -2.036732688E+01
    1.278000000E+01   -2.036411530E+01
    1.281000000E+01   -2.036096803E+01
    1.284000000E+01   -2.035788492E+01
    1.287000000E+01   -2.035486532E+01
    1.290000000E+01   -2.035190808E+01
    1.293000000E+01   -2.034901158E+01
    1.296000000E+01   -2.034617389E+01
    1.299000000E+01   -2.034339278E+01
    1.302000000E+01   -2.034066588E+01
    1.305000000E+01   -2.033799074E+01
    1.308000000E+01   -2.033536498E+01
    1.311000000E+01   -2.033278634E+01
    1.314000000E+01   -2.033025280E+01
    1.317000000E+01   -2.032776265E+01
    1.320000000E+01   -2.032531454E+01
    1.323000000E+01   -2.032290755E+01
    1.326000000E+01   -2.032054121E+01
    1.329000000E+01   -2.031821555E+01
    1.332000000E+01   -2.031593105E+01
    1.335000000E+01   -2.031368868E+01
    1.338000000E+01   -2.031148980E+01
    1.341000000E+01   -2.030933619E+01
    1.344000000E+01   -2.030722990E+01
    1.347000000E+01   -2.030517324E+01
    1.350000000E+01   -2.030316861E+01
    1.353000000E+01   -2.030121847E+01
    1.356000000E+01   -2.029932518E+01
    1.359000000E+01   -2.029749091E+01
    1.362000000E+01   -2.029571753E+01
    1.365000000E+01   -2.029400654E+01
    1.368000000E+01   -2.029235897E+01
    1.371000000E+01   -2.029077538E+01
    1.374000000E+01   -2.028925576E+01
    1.377000000E+01   -2.028779961E+01
    1.380000000E+01   -2.028640592E+01
    1.383000000E+01   -2.028507320E+01
    1.386000000E+01   -2.028379963E+01
    1.389000000E+01   -2.028258306E+01
    1.392000000E+01   -2.028142115E+01
    1.395000000E+01   -2.028031146E+01
    1.398000000E+01   -2.027925155E+01
    1.401000000E+01   -2.027823910E+01
    1.404000000E+01   -2.027727197E+01
    1.407000000E+01   -2.027634829E+01
    1.410000000E+01   -2.027546654E+01
    1.413000000E+01   -2.027462560E+01
    1.416000000E+01   -2.027382478E+01
    1.419000000E+01   -2.027306387E+01
    1.422000000E+01   -2.027234311E+01
    1.425000000E+01   -2.027166320E+01
    1.428000000E+01   -2.027102530E+01
    1.431000000E+01   -2.027043095E+01
    1.434000000E+01   -2.026988202E+01
    1.437000000E+01   -2.026938064E+01
    1.440000000E+01   -2.026892915E+01
    1.443000000E+01   -2.026852996E+01
    1.446000000E+01   -2.026818545E+01
    1.449000000E+01   -2.026789790E+01
    1.452000000E+01   -2.026766937E+01
    1.455000000E+01   -2.026750160E+01
    1.458000000E+01   -2.026739593E+01
    1.461000000E+01   -2.026735324E+01
    1.464000000E+01   -2.026737392E+01
    1.467000000E+01   -2.026745782E+01
    1.470000000E+01   -2.026760428E+01
    1.473000000E+01   -2.026781217E+01
    1.476000000E+01   -2.026807992E+01
    1.479000000E+01   -2.026840560E+01
    1.482000000E+01   -2.026878703E+01
    1.485000000E+01   -2.026922186E+01
    1.488000000E+01   -2.026970766E+01
    1.491000000E+01   -2.027024207E+01
    1.494000000E+01   -2.027082285E+01
    1.497000000E+01   -2.027144800E+01
    1.500000000E+01   -2.027211580E+01
    1.503000000E+01   -2.027282493E+01
    1.506000000E+01   -2.027357449E+01
    1.509000000E+01   -2.027436400E+01
    1.512000000E+01   -2.027519349E+01
    1.515000000E+01   -2.027606342E+01
    1.518000000E+01   -2.027697471E+01
    1.521000000E+01   -2.027792873E+01
    1.524000000E+01   -2.027892718E+01
    1.527000000E+01   -2.027997208E+01
    1.530000000E+01   -2.028106570E+01
    1.533000000E+01   -2.028221042E+01
    1.536000000E+01   -2.028340871E+01
    1.539000000E+01   -2.028466294E+01
    1.542000000E+01   -2.028597538E+01
    1.545000000E+01   -2.028734801E+01
    1.548000000E+01   -2.028878248E+01
    1.551000000E+01   -2.029028001E+01
    1.554000000E+01   -2.029184136E+01
    1.557000000E+01   -2.029346675E+01
    1.560000000E+01   -2.029515588E+01
    1.563000000E+01   -2.029690794E+01
    1.566000000E+01   -2.029872163E+01
    1.569000000E+01   -2.030059524E+01
    1.572000000E+01   -2.030252672E+01
    1.575000000E+01   -2.030451378E+01
    1.578000000E+01   -2.030655400E+01
    1.581000000E+01   -2.030864495E+01
    1.584000000E+01   -2.031078424E+01
    1.587000000E+01   -2.031296971E+01
    1.590000000E+01   -2.031519943E+01
    1.593000000E+01   -2.031747186E+01
    1.596000000E+01   -2.031978583E+01
    1.599000000E+01   -2.032214064E+01
    1.602000000E+01   -2.032453605E+01
    1.605000000E+01   -2.032697232E+01
    1.608000000E+01   -2.032945015E+01
    1.611000000E+01   -2.033197071E+01
    1.614000000E+01   -2.033453555E+01
    1.617000000E+01   -2.033714656E+01
    1.620000000E+01   -2.033980590E+01
    1.623000000E+01   -2.034251590E+01
    1.626000000E+01   -2.034527901E+01
    1.629000000E+01   -2.034809763E+01
    1.632000000E+01   -2.035097406E+01
    1.635000000E+01   -2.035391040E+01
    1.638000000E+01   -2.035690840E+01
    1.641000000E+01   -2.035996944E+01
    1.644000000E+01   -2.036309441E+01
    1.647000000E+01   -2.036628368E+01
    1.650000000E+01   -2.036953707E+01
    1.653000000E+01   -2.037285384E+01
    1.656000000E+01   -2.037623274E+01
    1.659000000E+01   -2.037967204E+01
    1.662000000E+01   -2.038316961E+01
    1.665000000E+01   -2.038672301E+01
    1.668000000E+01   -2.039032964E+01
    1.671000000E+01   -2.039398679E+01
    1.674000000E+01   -2.039769183E+01
    1.677000000E+01   -2.040144226E+01
    1.680000000E+01   -2.040523586E+01
    1.683000000E+01   -2.040907073E+01
    1.686000000E+01   -2.041294541E+01
    1.689000000E+01   -2.041685891E+01
    1.692000000E+01   -2.042081070E+01
    1.695000000E+01   -2.042480079E+01
    1.698000000E+01   -2.042882966E+01
    1.701000000E+01   -2.043289824E+01
    1.704000000E+01   -2.043700788E+01
    1.707000000E+01   -2.044116029E+01
    1.710000000E+01   -2.044535743E+01
    1.713000000E+01   -2.044960143E+01
    1.716000000E+01   -2.045389450E+01
    1.719000000E+01   -2.045823885E+01
    1.722000000E+01   -2.046263652E+01
    1.725000000E+01   -2.046708933E+01
    1.728000000E+01   -2.047159874E+01
    1.731000000E+01   -2.047616578E+01
    1.734000000E+01   -2.048079096E+01
    1.737000000E+01   -2.048547423E+01
    1.740000000E+01   -2.049021494E+01
    1.743000000E+01   -2.049501182E+01
    1.746000000E+01   -2.049986305E+01
    1.749000000E+01   -2.050476628E+01
    1.752000000E+01   -2.050971871E+01
    1.755000000E+01   -2.051471722E+01
    1.758000000E+01   -2.051975851E+01
    1.761000000E+01   -2.052483915E+01
    1.764000000E+01   -2.052995582E+01
    1.767000000E+01   -2.053510535E+01
    1.770000000E+01   -2.054028491E+01
    1.773000000E+01   -2.054549204E+01
    1.776000000E+01   -2.055072476E+01
    1.779000000E+01   -2.055598161E+01
    1.782000000E+01   -2.056126168E+01
    1.785000000E+01   -2.056656460E+01
    1.788000000E+01   -2.057189048E+01
    1.791000000E+01   -2.057723993E+01
    1.794000000E+01   -2.058261393E+01
    1.797000000E+01   -2.058801376E+01
    1.800000000E+01   -2.059344090E+01
    1.803000000E+01   -2.059889695E+01
    1.806000000E+01   -2.060438346E+01
    1.809000000E+01   -2.060990183E+01
    1.812000000E+01   -2.061545322E+01
    1.815000000E+01   -2.062103839E+01
    1.818000000E+01   -2.062665763E+01
    1.821000000E+01   -2.063231065E+01
    1.824000000E+01   -2.063799652E+01
    1.827000000E+01   -2.064371362E+01
    1.830000000E+01   -2.064945962E+01
    1.833000000E+01   -2.065523154E+01
    1.836000000E+01   -2.066102573E+01
    1.839000000E+01   -2.066683801E+01
    1.842000000E+01   -2.067266377E+01
    1.845000000E+01   -2.067849810E+01
    1.848000000E+01   -2.068433595E+01
    1.851000000E+01   -2.069017231E+01
    1.854000000E+01   -2.069600233E+01
    1.857000000E+01   -2.070182153E+01
    1.860000000E+01   -2.070762584E+01
    1.863000000E+01   -2.071341178E+01
    1.866000000E+01   -2.071917648E+01
    1.869000000E+01   -2.072491770E+01
    1.872000000E+01   -2.073063385E+01
    1.875000000E+01   -2.073632390E+01
    1.878000000E+01   -2.074198737E+01
    1.881000000E+01   -2.074762416E+01
    1.884000000E+01   -2.075323447E+01
    1.887000000E+01   -2.075881865E+01
    1.890000000E+01   -2.076437703E+01
    1.893000000E+01   -2.076990980E+01
    1.896000000E+01   -2.077541683E+01
    1.899000000E+01   -2.078089755E+01
    1.902000000E+01   -2.078635077E+01
    1.905000000E+01   -2.079177460E+01
    1.908000000E+01   -2.079716632E+01
    1.911000000E+01   -2.080252232E+01
    1.914000000E+01   -2.080783807E+01
    1.917000000E+01   -2.081310811E+01
    1.920000000E+01   -2.081832606E+01
    1.923000000E+01   -2.082348474E+01
    1.926000000E+01   -2.082857625E+01
    1.929000000E+01   -2.083359216E+01
    1.932000000E+01   -2.083852368E+01
    1.935000000E+01   -2.084336189E+01
    1.938000000E+01   -2.084809791E+01
    1.941000000E+01   -2.085272321E+01
    1.944000000E+01   -2.085722971E+01
    1.947000000E+01   -2.086161005E+01
    1.950000000E+01   -2.086585762E+01
    1.953000000E+01   -2.086996674E+01
    1.956000000E+01   -2.087393259E+01
    1.959000000E+01   -2.087775123E+01
    1.962000000E+01   -2.088141947E+01
    1.965000000E+01   -2.088493476E+01
    1.968000000E+01   -2.088829496E+01
    1.971000000E+01   -2.089149811E+01
    1.974000000E+01   -2.089454225E+01
    1.977000000E+01   -2.089742504E+01
    1.980000000E+01   -2.090014361E+01
    1.983000000E+01   -2.090269419E+01
    1.986000000E+01   -2.090507194E+01
    1.989000000E+01   -2.090727068E+01
    1.992000000E+01   -2.090928273E+01
    1.995000000E+01   -2.091109869E+01
    1.998000000E+01   -2.091270737E+01
    2.001000000E+01   -2.091409573E+01
    2.004000000E+01   -2.091524882E+01
    2.007000000E+01   -2.091614986E+01
    2.010000000E+01   -2.091678031E+01
    2.013000000E+01   -2.091712010E+01
    2.016000000E+01   -2.091714777E+01
    2.019000000E+01   -2.091684083E+01
    2.022000000E+01   -2.091617605E+01
    2.025000000E+01   -2.091512979E+01
    2.028000000E+01   -2.091367846E+01
    2.031000000E+01   -2.091179880E+01
    2.034000000E+01   -2.090946830E+01
    2.037000000E+01   -2.090666544E+01
    2.040000000E+01   -2.090336997E+01
    2.043000000E+01   -2.089956299E+01
    2.046000000E+01   -2.089522703E+01
    2.049000000E+01   -2.089034593E+01
    2.052000000E+01   -2.088490463E+01
    2.055000000E+01   -2.087888880E+01
    2.058000000E+01   -2.087228437E+01
    2.061000000E+01   -2.086507699E+01
    2.064000000E+01   -2.085725129E+01
    2.067000000E+01   -2.084879017E+01
    2.070000000E+01   -2.083967398E+01
    2.073000000E+01   -2.082987972E+01
    2.076000000E+01   -2.081938017E+01
    2.079000000E+01   -2.080814311E+01
    2.082000000E+01   -2.079613057E+01
    2.085000000E+01   -2.078329809E+01
    2.088000000E+01   -2.076959416E+01
    2.091000000E+01   -2.075495963E+01
    2.094000000E+01   -2.073932743E+01
    2.097000000E+01   -2.072262227E+01
    2.100000000E+01   -2.070476068E+01
    2.103000000E+01   -2.068565125E+01
    2.106000000E+01   -2.066519515E+01
    2.109000000E+01   -2.064328708E+01
    2.112000000E+01   -2.061981667E+01
    2.115000000E+01   -2.059467037E+01
    2.118000000E+01   -2.056773404E+01
    2.121000000E+01   -2.053889620E+01
    2.124000000E+01   -2.050805203E+01
    2.127000000E+01   -2.047510809E+01
    2.130000000E+01   -2.043998771E+01
    2.133000000E+01   -2.040263690E+01
    2.136000000E+01   -2.036303038E+01
    2.139000000E+01   -2.032117751E+01
    2.142000000E+01   -2.027712747E+01
    2.145000000E+01   -2.023097320E+01
    2.148000000E+01   -2.018285359E+01
    2.151000000E+01   -2.013295335E+01
    2.154000000E+01   -2.008150038E+01
    2.157000000E+01   -2.002876053E+01
    2.160000000E+01   -1.997503007E+01
    2.163000000E+01   -1.992062631E+01
    2.166000000E+01   -1.986587712E+01
    2.169000000E+01   -1.981111025E+01
    2.172000000E+01   -1.975664314E+01
    2.175000000E+01   -1.970277407E+01
    2.178000000E+01   -1.964977492E+01
    2.181000000E+01   -1.959788614E+01
    2.184000000E+01   -1.954731359E+01
    2.187000000E+01   -1.949822739E+01
    2.190000000E+01   -1.945076242E+01
    2.193000000E+01   -1.940502000E+01
    2.196000000E+01   -1.936107063E+01
    2.199000000E+01   -1.931895723E+01
    2.202000000E+01   -1.927869869E+01
    2.205000000E+01   -1.924029346E+01
    2.208000000E+01   -1.920372309E+01
    2.211000000E+01   -1.916895541E+01
    2.214000000E+01   -1.913594751E+01
    2.217000000E+01   -1.910464833E+01
    2.220000000E+01   -1.907500086E+01
    2.223000000E+01   -1.904694405E+01
    2.226000000E+01   -1.902041438E+01
    2.229000000E+01   -1.899534711E+01
    2.232000000E+01   -1.897167735E+01
    2.235000000E+01   -1.894934084E+01
    2.238000000E+01   -1.892827456E+01
    2.241000000E+01   -1.890841721E+01
    2.244000000E+01   -1.888970954E+01
    2.247000000E+01   -1.887209457E+01
    2.250000000E+01   -1.885551773E+01
    2.253000000E+01   -1.883992696E+01
    2.256000000E+01   -1.882527268E+01
    2.259000000E+01   -1.881150785E+01
    2.262000000E+01   -1.879858785E+01
    2.265000000E+01   -1.878647045E+01
    2.268000000E+01   -1.877511572E+01
    2.271000000E+01   -1.876448592E+01
    2.274000000E+01   -1.875454541E+01
    2.277000000E+01   -1.874526054E+01
    2.280000000E+01   -1.873659957E+01
    2.283000000E+01   -1.872853251E+01
    2.286000000E+01   -1.872103106E+01
    2.289000000E+01   -1.871406852E+01
    2.292000000E+01   -1.870761966E+01
    2.295000000E+01   -1.870166064E+01
    2.298000000E+01   -1.869616896E+01
    2.301000000E+01   -1.869112332E+01
    2.304000000E+01   -1.868650361E+01
    2.307000000E+01   -1.868229077E+01
    2.310000000E+01   -1.867846678E+01
    2.313000000E+01   -1.867501457E+01
    2.316000000E+01   -1.867191796E+01
    2.319000000E+01   -1.866916162E+01
    2.322000000E+01   -1.866673101E+01
    2.325000000E+01   -1.866461234E+01
    2.328000000E+01   -1.866279249E+01
    2.331000000E+01   -1.866125901E+01
    2.334000000E+01   -1.866000009E+01
    2.337000000E+01   -1.865900446E+01
    2.340000000E+01   -1.865826142E+01
    2.343000000E+01   -1.865776076E+01
    2.346000000E+01   -1.865749278E+01
    2.349000000E+01   -1.865744819E+01
    2.352000000E+01   -1.865761818E+01
    2.355000000E+01   -1.865799428E+01
    2.358000000E+01   -1.865856843E+01
    2.361000000E+01   -1.865933293E+01
    2.364000000E+01   -1.866028039E+01
    2.367000000E+01   -1.866140373E+01
    2.370000000E+01   -1.866269618E+01
    2.373000000E+01   -1.866415124E+01
    2.376000000E+01   -1.866576266E+01
    2.379000000E+01   -1.866752444E+01
    2.382000000E+01   -1.866943081E+01
    2.385000000E+01   -1.867147622E+01
    2.388000000E+01   -1.867365531E+01
    2.391000000E+01   -1.867596291E+01
    2.394000000E+01   -1.867839406E+01
    2.397000000E+01   -1.868094392E+01
    2.400000000E+01   -1.868360785E+01
    2.403000000E+01   -1.868638135E+01
    2.406000000E+01   -1.868926005E+01
    2.409000000E+01   -1.869223974E+01
    2.412000000E+01   -1.869531632E+01
    2.415000000E+01   -1.869848582E+01
    2.418000000E+01   -1.870174437E+01
    2.421000000E+01   -1.870508824E+01
    2.424000000E+01   -1.870851377E+01
    2.427000000E+01   -1.871201744E+01
    2.430000000E+01   -1.871559579E+01
    2.433000000E+01   -1.871924548E+01
    2.436000000E+01   -1.872296323E+01
    2.439000000E+01   -1.872674589E+01
    2.442000000E+01   -1.873059035E+01
    2.445000000E+01   -1.873449361E+01
    2.448000000E+01   -1.873845271E+01
    2.451000000E+01   -1.874246482E+01
    2.454000000E+01   -1.874652714E+01
    2.457000000E+01   -1.875063696E+01
    2.460000000E+01   -1.875479163E+01
    2.463000000E+01   -1.875898859E+01
    2.466000000E+01   -1.876322531E+01
    2.469000000E+01   -1.876749937E+01
    2.472000000E+01   -1.877180839E+01
    2.475000000E+01   -1.877615004E+01
    2.478000000E+01   -1.878052208E+01
    2.481000000E+01   -1.878492233E+01
    2.484000000E+01   -1.878934864E+01
    2.487000000E+01   -1.879379894E+01
    2.490000000E+01   -1.879827123E+01
    2.493000000E+01   -1.880276355E+01
    2.496000000E+01   -1.880727399E+01
    2.499000000E+01   -1.881180070E+01
    2.502000000E+01   -1.881634190E+01
    2.505000000E+01   -1.882089582E+01
    2.508000000E+01   -1.882546079E+01
    2.511000000E+01   -1.883003514E+01
    2.514000000E+01   -1.883461728E+01
    2.517000000E+01   -1.883920566E+01
    2.520000000E+01   -1.884379875E+01
    2.523000000E+01   -1.884839509E+01
    2.526000000E+01   -1.885299324E+01
    2.529000000E+01   -1.885759181E+01
    2.532000000E+01   -1.886218944E+01
    2.535000000E+01   -1.886678480E+01
    2.538000000E+01   -1.887137661E+01
    2.541000000E+01   -1.887596359E+01
    2.544000000E+01   -1.888054453E+01
    2.547000000E+01   -1.888511822E+01
    2.550000000E+01   -1.888968348E+01
    2.553000000E+01   -1.889423918E+01
    2.556000000E+01   -1.889878418E+01
    2.559000000E+01   -1.890331738E+01
    2.562000000E+01   -1.890783772E+01
    2.565000000E+01   -1.891234415E+01
    2.568000000E+01   -1.891683563E+01
    2.571000000E+01   -1.892131116E+01
    2.574000000E+01   -1.892576977E+01
    2.577000000E+01   -1.893021050E+01
    2.580000000E+01   -1.893463241E+01
    2.583000000E+01   -1.893903460E+01
    2.586000000E+01   -1.894341618E+01
    2.589000000E+01   -1.894777628E+01
    2.592000000E+01   -1.895211409E+01
    2.595000000E+01   -1.895642877E+01
    2.598000000E+01   -1.896071957E+01
    2.601000000E+01   -1.896498570E+01
    2.604000000E+01   -1.896922646E+01
    2.607000000E+01   -1.897344112E+01
    2.610000000E+01   -1.897762902E+01
    2.613000000E+01   -1.898178951E+01
    2.616000000E+01   -1.898592196E+01
    2.619000000E+01   -1.899002577E+01
    2.622000000E+01   -1.899410038E+01
    2.625000000E+01   -1.899814523E+01
    2.628000000E+01   -1.900215979E+01
    2.631000000E+01   -1.900614358E+01
    2.634000000E+01   -1.901009610E+01
    2.637000000E+01   -1.901401689E+01
    2.640000000E+01   -1.901790552E+01
    2.643000000E+01   -1.902176155E+01
    2.646000000E+01   -1.902558458E+01
    2.649000000E+01   -1.902937422E+01
    2.652000000E+01   -1.903313007E+01
    2.655000000E+01   -1.903685177E+01
    2.658000000E+01   -1.904053895E+01
    2.661000000E+01   -1.904419127E+01
    2.664000000E+01   -1.904780837E+01
    2.667000000E+01   -1.905138992E+01
    2.670000000E+01   -1.905493558E+01
    2.673000000E+01   -1.905844502E+01
    2.676000000E+01   -1.906191793E+01
    2.679000000E+01   -1.906535399E+01
    2.682000000E+01   -1.906875287E+01
    2.685000000E+01   -1.907211428E+01
    2.688000000E+01   -1.907543791E+01
    2.691000000E+01   -1.907872346E+01
    2.694000000E+01   -1.908197065E+01
    2.697000000E+01   -1.908517920E+01
    2.700000000E+01   -1.908834882E+01
    2.703000000E+01   -1.909147926E+01
    2.706000000E+01   -1.909457027E+01
    2.709000000E+01   -1.909762160E+01
    2.712000000E+01   -1.910063303E+01
    2.715000000E+01   -1.910360433E+01
    2.718000000E+01   -1.910653531E+01
    2.721000000E+01   -1.910942578E+01
    2.724000000E+01   -1.911227556E+01
    2.727000000E+01   -1.911508449E+01
    2.730000000E+01   -1.911785243E+01
    2.733000000E+01   -1.912057924E+01
    2.736000000E+01   -1.912326481E+01
    2.739000000E+01   -1.912590904E+01
    2.742000000E+01   -1.912851183E+01
    2.745000000E+01   -1.913107309E+01
    2.748000000E+01   -1.913359276E+01
    2.751000000E+01   -1.913607077E+01
    2.754000000E+01   -1.913850706E+01
    2.757000000E+01   -1.914090158E+01
    2.760000000E+01   -1.914325429E+01
    2.763000000E+01   -1.914556513E+01
    2.766000000E+01   -1.914783406E+01
    2.769000000E+01   -1.915006105E+01
    2.772000000E+01   -1.915224603E+01
    2.775000000E+01   -1.915438896E+01
    2.778000000E+01   -1.915648980E+01
    2.781000000E+01   -1.915854848E+01
    2.784000000E+01   -1.916056494E+01
    2.787000000E+01   -1.916253913E+01
    2.790000000E+01   -1.916447097E+01
    2.793000000E+01   -1.916636038E+01
    2.796000000E+01   -1.916820731E+01
    2.799000000E+01   -1.917001165E+01
    2.802000000E+01   -1.917177334E+01
    2.805000000E+01   -1.917349230E+01
    2.808000000E+01   -1.917516844E+01
    2.811000000E+01   -1.917680168E+01
    2.814000000E+01   -1.917839195E+01
    2.817000000E+01   -1.917993917E+01
    2.820000000E+01   -1.918144329E+01
    2.823000000E+01   -1.918290423E+01
    2.826000000E+01   -1.918432195E+01
    2.829000000E+01   -1.918569640E+01
    2.832000000E+01   -1.918702754E+01
    2.835000000E+01   -1.918831534E+01
    2.838000000E+01   -1.918955979E+01
    2.841000000E+01   -1.919076089E+01
    2.844000000E+01   -1.919191862E+01
    2.847000000E+01   -1.919303299E+01
    2.850000000E+01   -1.919410403E+01
    2.853000000E+01   -1.919513176E+01
    2.856000000E+01   -1.919611621E+01
    2.859000000E+01   -1.919705740E+01
    2.862000000E+01   -1.919795538E+01
    2.865000000E+01   -1.919881019E+01
    2.868000000E+01   -1.919962186E+01
    2.871000000E+01   -1.920039044E+01
    2.874000000E+01   -1.920111595E+01
    2.877000000E+01   -1.920179844E+01
    2.880000000E+01   -1.920243792E+01
    2.883000000E+01   -1.920303443E+01
    2.886000000E+01   -1.920358796E+01
    2.889000000E+01   -1.920409854E+01
    2.892000000E+01   -1.920456616E+01
    2.895000000E+01   -1.920499082E+01
    2.898000000E+01   -1.920537249E+01
    2.901000000E+01   -1.920571115E+01
    2.904000000E+01   -1.920600678E+01
    2.907000000E+01   -1.920625934E+01
    2.910000000E+01   -1.920646879E+01
    2.913000000E+01   -1.920663509E+01
    2.916000000E+01   -1.920675818E+01
    2.919000000E+01   -1.920683803E+01
    2.922000000E+01   -1.920687458E+01
    2.925000000E+01   -1.920686780E+01
    2.928000000E+01   -1.920681763E+01
    2.931000000E+01   -1.920672405E+01
    2.934000000E+01   -1.920658701E+01
    2.937000000E+01   -1.920640650E+01
    2.940000000E+01   -1.920618249E+01
    2.943000000E+01   -1.920591498E+01
    2.946000000E+01   -1.920560396E+01
    2.949000000E+01   -1.920524944E+01
    2.952000000E+01   -1.920485143E+01
    2.955000000E+01   -1.920440995E+01
    2.958000000E+01   -1.920392504E+01
    2.961000000E+01   -1.920339673E+01
    2.964000000E+01   -1.920282506E+01
    2.967000000E+01   -1.920221007E+01
    2.970000000E+01   -1.920155182E+01
    2.973000000E+01   -1.920085035E+01
    2.976000000E+01   -1.920010572E+01
    2.979000000E+01   -1.919931797E+01
    2.982000000E+01   -1.919848716E+01
    2.985000000E+01   -1.919761333E+01
    2.988000000E+01   -1.919669652E+01
    2.991000000E+01   -1.919573676E+01
    2.994000000E+01   -1.919473409E+01
    2.997000000E+01   -1.919368852E+01
    3.000000000E+01   -1.919260007E+01
