    0.000000000E+00    0.000000000E+00
    1.884955620E-02   -2.094995637E+01
    3.769911240E-02   -2.075501672E+01
    5.654866861E-02    0.000000000E+00
    7.539822481E-02    0.000000000E+00
    9.424778101E-02    0.000000000E+00
    1.130973372E-01    0.000000000E+00
    1.319468934E-01    0.000000000E+00
    1.507964496E-01    0.000000000E+00
    1.696460058E-01    0.000000000E+00
    1.884955620E-01    0.000000000E+00
    2.073451182E-01    0.000000000E+00
    2.261946744E-01    0.000000000E+00
    2.450442306E-01    0.000000000E+00
    2.638937868E-01    0.000000000E+00
    2.827433430E-01    0.000000000E+00
    3.015928992E-01    0.000000000E+00
    3.204424554E-01    0.000000000E+00
    3.392920116E-01    0.000000000E+00
    3.581415678E-01    0.000000000E+00
    3.769911240E-01    0.000000000E+00
    3.958406803E-01    0.000000000E+00
    4.146902365E-01    0.000000000E+00
    4.335397927E-01    0.000000000E+00
    4.523893489E-01    0.000000000E+00
    4.712389051E-01    0.000000000E+00
    4.900884613E-01    0.000000000E+00
    5.089380175E-01    0.000000000E+00
    5.277875737E-01    0.000000000E+00
    5.466371299E-01    0.000000000E+00
    5.654866861E-01    0.000000000E+00
    5.843362423E-01    0.000000000E+00
    6.031857985E-01    0.000000000E+00
    6.220353547E-01    0.000000000E+00
    6.408849109E-01    0.000000000E+00
    6.597344671E-01    0.000000000E+00
    6.785840233E-01    0.000000000E+00
    6.974335795E-01    0.000000000E+00
    7.162831357E-01    0.000000000E+00
    7.351326919E-01    0.000000000E+00
    7.539822481E-01    0.000000000E+00
    7.728318043E-01    0.000000000E+00
    7.916813605E-01    0.000000000E+00
    8.105309167E-01    0.000000000E+00
    8.293804729E-01    0.000000000E+00
    8.482300291E-01    0.000000000E+00
    8.670795853E-01    0.000000000E+00
    8.859291415E-01    0.000000000E+00
    9.047786977E-01    0.000000000E+00
    9.236282539E-01    0.000000000E+00
    9.424778101E-01    0.000000000E+00
    9.613273663E-01    0.000000000E+00
    9.801769225E-01    0.000000000E+00
    9.990264787E-01    0.000000000E+00
    1.017876035E+00    0.000000000E+00
    1.036725591E+00    0.000000000E+00
    1.055575147E+00    0.000000000E+00
    1.074424704E+00    0.000000000E+00
    1.093274260E+00    0.000000000E+00
    1.112123816E+00    0.000000000E+00
    1.130973372E+00    0.000000000E+00
    1.149822928E+00    0.000000000E+00
    1.168672485E+00    0.000000000E+00
    1.187522041E+00    0.000000000E+00
    1.206371597E+00    0.000000000E+00
    1.225221153E+00    0.000000000E+00
    1.244070709E+00    0.000000000E+00
    1.262920266E+00    0.000000000E+00
    1.281769822E+00    0.000000000E+00
    1.300619378E+00    0.000000000E+00
    1.319468934E+00    0.000000000E+00
    1.338318490E+00    0.000000000E+00
    1.357168047E+00    0.000000000E+00
    1.376017603E+00    0.000000000E+00
    1.394867159E+00    0.000000000E+00
    1.413716715E+00    0.000000000E+00
    1.432566271E+00    0.000000000E+00
    1.451415828E+00    0.000000000E+00
    1.470265384E+00    0.000000000E+00
    1.489114940E+00    0.000000000E+00
    1.507964496E+00    0.000000000E+00
    1.526814052E+00    0.000000000E+00
    1.545663609E+00    0.000000000E+00
    1.564513165E+00    0.000000000E+00
    1.583362721E+00    0.000000000E+00
    1.602212277E+00    0.000000000E+00
    1.621061833E+00    0.000000000E+00
    1.639911390E+00    0.000000000E+00
    1.658760946E+00    0.000000000E+00
    1.677610502E+00    0.000000000E+00
    1.696460058E+00    0.000000000E+00
    1.715309614E+00    0.000000000E+00
    1.734159171E+00    0.000000000E+00
    1.753008727E+00    0.000000000E+00
    1.771858283E+00    0.000000000E+00
    1.790707839E+00    0.000000000E+00
    1.809557395E+00    0.000000000E+00
    1.828406952E+00    0.000000000E+00
    1.847256508E+00    0.000000000E+00
    1.866106064E+00    0.000000000E+00
    1.884955620E+00    0.000000000E+00
    1.903805176E+00    0.000000000E+00
    1.922654733E+00    0.000000000E+00
    1.941504289E+00    0.000000000E+00
    1.960353845E+00    0.000000000E+00
    1.979203401E+00    0.000000000E+00
    1.998052957E+00    0.000000000E+00
    2.016902514E+00    0.000000000E+00
    2.035752070E+00    0.000000000E+00
    2.054601626E+00    0.000000000E+00
    2.073451182E+00    0.000000000E+00
    2.092300738E+00    0.000000000E+00
    2.111150295E+00    0.000000000E+00
    2.129999851E+00    0.000000000E+00
    2.148849407E+00    0.000000000E+00
    2.167698963E+00    0.000000000E+00
    2.186548519E+00    0.000000000E+00
    2.205398076E+00    0.000000000E+00
    2.224247632E+00    0.000000000E+00
    2.243097188E+00    0.000000000E+00
    2.261946744E+00    0.000000000E+00
    2.280796300E+00    0.000000000E+00
    2.299645857E+00    0.000000000E+00
    2.318495413E+00    0.000000000E+00
    2.337344969E+00    0.000000000E+00
    2.356194525E+00    0.000000000E+00
    2.375044082E+00    0.000000000E+00
    2.393893638E+00    0.000000000E+00
    2.412743194E+00    0.000000000E+00
    2.431592750E+00    0.000000000E+00
    2.450442306E+00    0.000000000E+00
    2.469291863E+00    0.000000000E+00
    2.488141419E+00    0.000000000E+00
    2.506990975E+00    0.000000000E+00
    2.525840531E+00    0.000000000E+00
    2.544690087E+00    0.000000000E+00
    2.563539644E+00    0.000000000E+00
    2.582389200E+00    0.000000000E+00
    2.601238756E+00    0.000000000E+00
    2.620088312E+00    0.000000000E+00
    2.638937868E+00    0.000000000E+00
    2.657787425E+00    0.000000000E+00
    2.676636981E+00    0.000000000E+00
    2.695486537E+00    0.000000000E+00
    2.714336093E+00    0.000000000E+00
    2.733185649E+00    0.000000000E+00
    2.752035206E+00    0.000000000E+00
    2.770884762E+00    0.000000000E+00
    2.789734318E+00    0.000000000E+00
    2.808583874E+00    0.000000000E+00
    2.827433430E+00    0.000000000E+00
    2.846282987E+00    0.000000000E+00
    2.865132543E+00    0.000000000E+00
    2.883982099E+00    0.000000000E+00
    2.902831655E+00    0.000000000E+00
    2.921681211E+00    0.000000000E+00
    2.940530768E+00    0.000000000E+00
    2.959380324E+00    0.000000000E+00
    2.978229880E+00    0.000000000E+00
    2.997079436E+00    0.000000000E+00
    3.015928992E+00    0.000000000E+00
    3.034778549E+00    0.000000000E+00
    3.053628105E+00    0.000000000E+00
    3.072477661E+00    0.000000000E+00
    3.091327217E+00    0.000000000E+00
    3.110176773E+00    0.000000000E+00
    3.129026330E+00    0.000000000E+00
    3.147875886E+00    0.000000000E+00
    3.166725442E+00    0.000000000E+00
    3.185574998E+00    0.000000000E+00
    3.204424554E+00    0.000000000E+00
    3.223274111E+00    0.000000000E+00
    3.242123667E+00    0.000000000E+00
    3.260973223E+00    0.000000000E+00
    3.279822779E+00    0.000000000E+00
    3.298672335E+00    0.000000000E+00
    3.317521892E+00    0.000000000E+00
    3.336371448E+00    0.000000000E+00
    3.355221004E+00    0.000000000E+00
    3.374070560E+00    0.000000000E+00
    3.392920116E+00    0.000000000E+00
    3.411769673E+00    0.000000000E+00
    3.430619229E+00    0.000000000E+00
    3.449468785E+00    0.000000000E+00
    3.468318341E+00    0.000000000E+00
    3.487167897E+00    0.000000000E+00
    3.506017454E+00    0.000000000E+00
    3.524867010E+00    0.000000000E+00
    3.543716566E+00    0.000000000E+00
    3.562566122E+00    0.000000000E+00
    3.581415678E+00    0.000000000E+00
    3.600265235E+00    0.000000000E+00
    3.619114791E+00    0.000000000E+00
    3.637964347E+00    0.000000000E+00
    3.656813903E+00    0.000000000E+00
    3.675663459E+00    0.000000000E+00
    3.694513016E+00    0.000000000E+00
    3.713362572E+00    0.000000000E+00
    3.732212128E+00    0.000000000E+00
    3.751061684E+00    0.000000000E+00
    3.769911240E+00    0.000000000E+00
    3.788760797E+00    0.000000000E+00
    3.807610353E+00    0.000000000E+00
    3.826459909E+00    0.000000000E+00
    3.845309465E+00    0.000000000E+00
    3.864159021E+00    0.000000000E+00
    3.883008578E+00    0.000000000E+00
    3.901858134E+00    0.000000000E+00
    3.920707690E+00    0.000000000E+00
    3.939557246E+00    0.000000000E+00
    3.958406803E+00    0.000000000E+00
    3.977256359E+00    0.000000000E+00
    3.996105915E+00    0.000000000E+00
    4.014955471E+00    0.000000000E+00
    4.033805027E+00    0.000000000E+00
    4.052654584E+00    0.000000000E+00
    4.071504140E+00    0.000000000E+00
    4.090353696E+00    0.000000000E+00
    4.109203252E+00    0.000000000E+00
    4.128052808E+00    0.000000000E+00
    4.146902365E+00    0.000000000E+00
    4.165751921E+00    0.000000000E+00
    4.184601477E+00    0.000000000E+00
    4.203451033E+00    0.000000000E+00
    4.222300589E+00    0.000000000E+00
    4.241150146E+00    0.000000000E+00
    4.259999702E+00    0.000000000E+00
    4.278849258E+00    0.000000000E+00
    4.297698814E+00    0.000000000E+00
    4.316548370E+00    0.000000000E+00
    4.335397927E+00    0.000000000E+00
    4.354247483E+00    0.000000000E+00
    4.373097039E+00    0.000000000E+00
    4.391946595E+00    0.000000000E+00
    4.410796151E+00    0.000000000E+00
    4.429645708E+00    0.000000000E+00
    4.448495264E+00    0.000000000E+00
    4.467344820E+00    0.000000000E+00
    4.486194376E+00    0.000000000E+00
    4.505043932E+00    0.000000000E+00
    4.523893489E+00    0.000000000E+00
    4.542743045E+00    0.000000000E+00
    4.561592601E+00    0.000000000E+00
    4.580442157E+00    0.000000000E+00
    4.599291713E+00    0.000000000E+00
    4.618141270E+00    0.000000000E+00
    4.636990826E+00    0.000000000E+00
    4.655840382E+00    0.000000000E+00
    4.674689938E+00    0.000000000E+00
    4.693539494E+00    0.000000000E+00
    4.712389051E+00    0.000000000E+00
    4.731238607E+00    0.000000000E+00
    4.750088163E+00    0.000000000E+00
    4.768937719E+00    0.000000000E+00
    4.787787275E+00    0.000000000E+00
    4.806636832E+00    0.000000000E+00
    4.825486388E+00    0.000000000E+00
    4.844335944E+00    0.000000000E+00
    4.863185500E+00    0.000000000E+00
    4.882035056E+00    0.000000000E+00
    4.900884613E+00    0.000000000E+00
    4.919734169E+00    0.000000000E+00
    4.938583725E+00    0.000000000E+00
    4.957433281E+00    0.000000000E+00
    4.976282837E+00    0.000000000E+00
    4.995132394E+00    0.000000000E+00
    5.013981950E+00    0.000000000E+00
    5.032831506E+00    0.000000000E+00
    5.051681062E+00    0.000000000E+00
    5.070530618E+00    0.000000000E+00
    5.089380175E+00    0.000000000E+00
    5.108229731E+00    0.000000000E+00
    5.127079287E+00    0.000000000E+00
    5.145928843E+00    0.000000000E+00
    5.164778399E+00    0.000000000E+00
    5.183627956E+00    0.000000000E+00
    5.202477512E+00    0.000000000E+00
    5.221327068E+00    0.000000000E+00
    5.240176624E+00    0.000000000E+00
    5.259026180E+00    0.000000000E+00
    5.277875737E+00    0.000000000E+00
    5.296725293E+00    0.000000000E+00
    5.315574849E+00    0.000000000E+00
    5.334424405E+00    0.000000000E+00
    5.353273961E+00    0.000000000E+00
    5.372123518E+00    0.000000000E+00
    5.390973074E+00    0.000000000E+00
    5.409822630E+00    0.000000000E+00
    5.428672186E+00    0.000000000E+00
    5.447521742E+00    0.000000000E+00
    5.466371299E+00    0.000000000E+00
    5.485220855E+00    0.000000000E+00
    5.504070411E+00    0.000000000E+00
    5.522919967E+00    0.000000000E+00
    5.541769524E+00    0.000000000E+00
    5.560619080E+00    0.000000000E+00
    5.579468636E+00    0.000000000E+00
    5.598318192E+00    0.000000000E+00
    5.617167748E+00    0.000000000E+00
    5.636017305E+00    0.000000000E+00
    5.654866861E+00    0.000000000E+00
    5.673716417E+00    0.000000000E+00
    5.692565973E+00    0.000000000E+00
    5.711415529E+00    0.000000000E+00
    5.730265086E+00    0.000000000E+00
    5.749114642E+00    0.000000000E+00
    5.767964198E+00    0.000000000E+00
    5.786813754E+00    0.000000000E+00
    5.805663310E+00    0.000000000E+00
    5.824512867E+00    0.000000000E+00
    5.843362423E+00    0.000000000E+00
    5.862211979E+00    0.000000000E+00
    5.881061535E+00    0.000000000E+00
    5.899911091E+00    0.000000000E+00
    5.918760648E+00    0.000000000E+00
    5.937610204E+00    0.000000000E+00
    5.956459760E+00    0.000000000E+00
    5.975309316E+00    0.000000000E+00
    5.994158872E+00    0.000000000E+00
    6.013008429E+00    0.000000000E+00
    6.031857985E+00    0.000000000E+00
    6.050707541E+00    0.000000000E+00
    6.069557097E+00    0.000000000E+00
    6.088406653E+00    0.000000000E+00
    6.107256210E+00    0.000000000E+00
    6.126105766E+00    0.000000000E+00
    6.144955322E+00    0.000000000E+00
    6.163804878E+00    0.000000000E+00
    6.182654434E+00    0.000000000E+00
    6.201503991E+00    0.000000000E+00
    6.220353547E+00    0.000000000E+00
    6.239203103E+00    0.000000000E+00
    6.258052659E+00    0.000000000E+00
    6.276902215E+00    0.000000000E+00
    6.295751772E+00    0.000000000E+00
    6.314601328E+00    0.000000000E+00
    6.333450884E+00    0.000000000E+00
    6.352300440E+00    0.000000000E+00
    6.371149996E+00    0.000000000E+00
    6.389999553E+00    0.000000000E+00
    6.408849109E+00    0.000000000E+00
    6.427698665E+00    0.000000000E+00
    6.446548221E+00    0.000000000E+00
    6.465397777E+00    0.000000000E+00
    6.484247334E+00    0.000000000E+00
    6.503096890E+00    0.000000000E+00
    6.521946446E+00    0.000000000E+00
    6.540796002E+00    0.000000000E+00
    6.559645558E+00    0.000000000E+00
    6.578495115E+00    0.000000000E+00
    6.597344671E+00    0.000000000E+00
    6.616194227E+00    0.000000000E+00
    6.635043783E+00    0.000000000E+00
    6.653893339E+00    0.000000000E+00
    6.672742896E+00    0.000000000E+00
    6.691592452E+00    0.000000000E+00
    6.710442008E+00    0.000000000E+00
    6.729291564E+00    0.000000000E+00
    6.748141120E+00    0.000000000E+00
    6.766990677E+00    0.000000000E+00
    6.785840233E+00    0.000000000E+00
    6.804689789E+00    0.000000000E+00
    6.823539345E+00    0.000000000E+00
    6.842388901E+00    0.000000000E+00
    6.861238458E+00    0.000000000E+00
    6.880088014E+00    0.000000000E+00
    6.898937570E+00    0.000000000E+00
    6.917787126E+00    0.000000000E+00
    6.936636682E+00    0.000000000E+00
    6.955486239E+00    0.000000000E+00
    6.974335795E+00    0.000000000E+00
    6.993185351E+00    0.000000000E+00
    7.012034907E+00    0.000000000E+00
    7.030884464E+00    0.000000000E+00
    7.049734020E+00    0.000000000E+00
    7.068583576E+00    0.000000000E+00
    7.087433132E+00    0.000000000E+00
    7.106282688E+00    0.000000000E+00
    7.125132245E+00    0.000000000E+00
    7.143981801E+00    0.000000000E+00
    7.162831357E+00    0.000000000E+00
    7.181680913E+00    0.000000000E+00
    7.200530469E+00    0.000000000E+00
    7.219380026E+00    0.000000000E+00
    7.238229582E+00    0.000000000E+00
    7.257079138E+00    0.000000000E+00
    7.275928694E+00    0.000000000E+00
    7.294778250E+00    0.000000000E+00
    7.313627807E+00    0.000000000E+00
    7.332477363E+00    0.000000000E+00
    7.351326919E+00    0.000000000E+00
    7.370176475E+00    0.000000000E+00
    7.389026031E+00    0.000000000E+00
    7.407875588E+00    0.000000000E+00
    7.426725144E+00    0.000000000E+00
    7.445574700E+00    0.000000000E+00
    7.464424256E+00    0.000000000E+00
    7.483273812E+00    0.000000000E+00
    7.502123369E+00    0.000000000E+00
    7.520972925E+00    0.000000000E+00
    7.539822481E+00    0.000000000E+00
    7.558672037E+00    0.000000000E+00
    7.577521593E+00    0.000000000E+00
    7.596371150E+00    0.000000000E+00
    7.615220706E+00    0.000000000E+00
    7.634070262E+00    0.000000000E+00
    7.652919818E+00    0.000000000E+00
    7.671769374E+00    0.000000000E+00
    7.690618931E+00    0.000000000E+00
    7.709468487E+00    0.000000000E+00
    7.728318043E+00    0.000000000E+00
    7.747167599E+00    0.000000000E+00
    7.766017155E+00    0.000000000E+00
    7.784866712E+00    0.000000000E+00
    7.803716268E+00    0.000000000E+00
    7.822565824E+00    0.000000000E+00
    7.841415380E+00    0.000000000E+00
    7.860264936E+00    0.000000000E+00
    7.879114493E+00    0.000000000E+00
    7.897964049E+00    0.000000000E+00
    7.916813605E+00    0.000000000E+00
    7.935663161E+00    0.000000000E+00
    7.954512717E+00    0.000000000E+00
    7.973362274E+00    0.000000000E+00
    7.992211830E+00    0.000000000E+00
    8.011061386E+00    0.000000000E+00
    8.029910942E+00    0.000000000E+00
    8.048760498E+00    0.000000000E+00
    8.067610055E+00    0.000000000E+00
    8.086459611E+00    0.000000000E+00
    8.105309167E+00    0.000000000E+00
    8.124158723E+00    0.000000000E+00
    8.143008279E+00    0.000000000E+00
    8.161857836E+00    0.000000000E+00
    8.180707392E+00    0.000000000E+00
    8.199556948E+00    0.000000000E+00
    8.218406504E+00    0.000000000E+00
    8.237256060E+00    0.000000000E+00
    8.256105617E+00    0.000000000E+00
    8.274955173E+00    0.000000000E+00
    8.293804729E+00    0.000000000E+00
    8.312654285E+00    0.000000000E+00
    8.331503841E+00    0.000000000E+00
    8.350353398E+00    0.000000000E+00
    8.369202954E+00    0.000000000E+00
    8.388052510E+00    0.000000000E+00
    8.406902066E+00    0.000000000E+00
    8.425751622E+00    0.000000000E+00
    8.444601179E+00    0.000000000E+00
    8.463450735E+00    0.000000000E+00
    8.482300291E+00    0.000000000E+00
    8.501149847E+00    0.000000000E+00
    8.519999403E+00    0.000000000E+00
    8.538848960E+00    0.000000000E+00
    8.557698516E+00    0.000000000E+00
    8.576548072E+00    0.000000000E+00
    8.595397628E+00    0.000000000E+00
    8.614247185E+00    0.000000000E+00
    8.633096741E+00    0.000000000E+00
    8.651946297E+00    0.000000000E+00
    8.670795853E+00    0.000000000E+00
    8.689645409E+00    0.000000000E+00
    8.708494966E+00    0.000000000E+00
    8.727344522E+00    0.000000000E+00
    8.746194078E+00    0.000000000E+00
    8.765043634E+00    0.000000000E+00
    8.783893190E+00    0.000000000E+00
    8.802742747E+00    0.000000000E+00
    8.821592303E+00    0.000000000E+00
    8.840441859E+00    0.000000000E+00
    8.859291415E+00    0.000000000E+00
    8.878140971E+00    0.000000000E+00
    8.896990528E+00    0.000000000E+00
    8.915840084E+00    0.000000000E+00
    8.934689640E+00    0.000000000E+00
    8.953539196E+00    0.000000000E+00
    8.972388752E+00    0.000000000E+00
    8.991238309E+00    0.000000000E+00
    9.010087865E+00    0.000000000E+00
    9.028937421E+00    0.000000000E+00
    9.047786977E+00    0.000000000E+00
    9.066636533E+00    0.000000000E+00
    9.085486090E+00    0.000000000E+00
    9.104335646E+00    0.000000000E+00
    9.123185202E+00    0.000000000E+00
    9.142034758E+00    0.000000000E+00
    9.160884314E+00    0.000000000E+00
    9.179733871E+00    0.000000000E+00
    9.198583427E+00    0.000000000E+00
    9.217432983E+00    0.000000000E+00
    9.236282539E+00    0.000000000E+00
    9.255132095E+00    0.000000000E+00
    9.273981652E+00    0.000000000E+00
    9.292831208E+00    0.000000000E+00
    9.311680764E+00    0.000000000E+00
    9.330530320E+00    0.000000000E+00
    9.349379876E+00    0.000000000E+00
    9.368229433E+00    0.000000000E+00
    9.387078989E+00    0.000000000E+00
    9.405928545E+00    0.000000000E+00
    9.424778101E+00    0.000000000E+00
    9.443627657E+00    0.000000000E+00
    9.462477214E+00    0.000000000E+00
    9.481326770E+00    0.000000000E+00
    9.500176326E+00    0.000000000E+00
    9.519025882E+00    0.000000000E+00
    9.537875438E+00    0.000000000E+00
    9.556724995E+00    0.000000000E+00
    9.575574551E+00    0.000000000E+00
    9.594424107E+00    0.000000000E+00
    9.613273663E+00    0.000000000E+00
    9.632123219E+00    0.000000000E+00
    9.650972776E+00    0.000000000E+00
    9.669822332E+00    0.000000000E+00
    9.688671888E+00    0.000000000E+00
    9.707521444E+00    0.000000000E+00
    9.726371000E+00    0.000000000E+00
    9.745220557E+00    0.000000000E+00
    9.764070113E+00    0.000000000E+00
    9.782919669E+00    0.000000000E+00
    9.801769225E+00    0.000000000E+00
    9.820618781E+00    0.000000000E+00
    9.839468338E+00    0.000000000E+00
    9.858317894E+00    0.000000000E+00
    9.877167450E+00    0.000000000E+00
    9.896017006E+00    0.000000000E+00
    9.914866562E+00    0.000000000E+00
    9.933716119E+00    0.000000000E+00
    9.952565675E+00    0.000000000E+00
    9.971415231E+00    0.000000000E+00
    9.990264787E+00    0.000000000E+00
    1.000911434E+01    0.000000000E+00
    1.002796390E+01    0.000000000E+00
    1.004681346E+01    0.000000000E+00
    1.006566301E+01    0.000000000E+00
    1.008451257E+01    0.000000000E+00
    1.010336212E+01    0.000000000E+00
    1.012221168E+01    0.000000000E+00
    1.014106124E+01    0.000000000E+00
    1.015991079E+01    0.000000000E+00
    1.017876035E+01    0.000000000E+00
    1.019760991E+01    0.000000000E+00
    1.021645946E+01    0.000000000E+00
    1.023530902E+01    0.000000000E+00
    1.025415857E+01    0.000000000E+00
    1.027300813E+01    0.000000000E+00
    1.029185769E+01    0.000000000E+00
    1.031070724E+01    0.000000000E+00
    1.032955680E+01    0.000000000E+00
    1.034840636E+01    0.000000000E+00
    1.036725591E+01    0.000000000E+00
    1.038610547E+01    0.000000000E+00
    1.040495502E+01    0.000000000E+00
    1.042380458E+01    0.000000000E+00
    1.044265414E+01    0.000000000E+00
    1.046150369E+01    0.000000000E+00
    1.048035325E+01    0.000000000E+00
    1.049920280E+01    0.000000000E+00
    1.051805236E+01    0.000000000E+00
    1.053690192E+01    0.000000000E+00
    1.055575147E+01    0.000000000E+00
    1.057460103E+01    0.000000000E+00
    1.059345059E+01    0.000000000E+00
    1.061230014E+01    0.000000000E+00
    1.063114970E+01    0.000000000E+00
    1.064999925E+01    0.000000000E+00
    1.066884881E+01    0.000000000E+00
    1.068769837E+01    0.000000000E+00
    1.070654792E+01    0.000000000E+00
    1.072539748E+01    0.000000000E+00
    1.074424704E+01    0.000000000E+00
    1.076309659E+01    0.000000000E+00
    1.078194615E+01    0.000000000E+00
    1.080079570E+01    0.000000000E+00
    1.081964526E+01    0.000000000E+00
    1.083849482E+01    0.000000000E+00
    1.085734437E+01    0.000000000E+00
    1.087619393E+01    0.000000000E+00
    1.089504348E+01    0.000000000E+00
    1.091389304E+01    0.000000000E+00
    1.093274260E+01    0.000000000E+00
    1.095159215E+01    0.000000000E+00
    1.097044171E+01    0.000000000E+00
    1.098929127E+01    0.000000000E+00
    1.100814082E+01    0.000000000E+00
    1.102699038E+01    0.000000000E+00
    1.104583993E+01    0.000000000E+00
    1.106468949E+01    0.000000000E+00
    1.108353905E+01    0.000000000E+00
    1.110238860E+01    0.000000000E+00
    1.112123816E+01    0.000000000E+00
    1.114008772E+01    0.000000000E+00
    1.115893727E+01    0.000000000E+00
    1.117778683E+01    0.000000000E+00
    1.119663638E+01    0.000000000E+00
    1.121548594E+01    0.000000000E+00
    1.123433550E+01    0.000000000E+00
    1.125318505E+01    0.000000000E+00
    1.127203461E+01    0.000000000E+00
    1.129088417E+01    0.000000000E+00
    1.130973372E+01    0.000000000E+00
    1.132858328E+01    0.000000000E+00
    1.134743283E+01    0.000000000E+00
    1.136628239E+01    0.000000000E+00
    1.138513195E+01    0.000000000E+00
    1.140398150E+01    0.000000000E+00
    1.142283106E+01    0.000000000E+00
    1.144168061E+01    0.000000000E+00
    1.146053017E+01    0.000000000E+00
    1.147937973E+01    0.000000000E+00
    1.149822928E+01    0.000000000E+00
    1.151707884E+01    0.000000000E+00
    1.153592840E+01    0.000000000E+00
    1.155477795E+01    0.000000000E+00
    1.157362751E+01    0.000000000E+00
    1.159247706E+01    0.000000000E+00
    1.161132662E+01    0.000000000E+00
    1.163017618E+01    0.000000000E+00
    1.164902573E+01    0.000000000E+00
    1.166787529E+01    0.000000000E+00
    1.168672485E+01    0.000000000E+00
    1.170557440E+01    0.000000000E+00
    1.172442396E+01    0.000000000E+00
    1.174327351E+01    0.000000000E+00
    1.176212307E+01    0.000000000E+00
    1.178097263E+01    0.000000000E+00
    1.179982218E+01    0.000000000E+00
    1.181867174E+01    0.000000000E+00
    1.183752130E+01    0.000000000E+00
    1.185637085E+01    0.000000000E+00
    1.187522041E+01    0.000000000E+00
    1.189406996E+01    0.000000000E+00
    1.191291952E+01    0.000000000E+00
    1.193176908E+01    0.000000000E+00
    1.195061863E+01    0.000000000E+00
    1.196946819E+01    0.000000000E+00
    1.198831774E+01    0.000000000E+00
    1.200716730E+01    0.000000000E+00
    1.202601686E+01    0.000000000E+00
    1.204486641E+01    0.000000000E+00
    1.206371597E+01    0.000000000E+00
    1.208256553E+01    0.000000000E+00
    1.210141508E+01    0.000000000E+00
    1.212026464E+01    0.000000000E+00
    1.213911419E+01    0.000000000E+00
    1.215796375E+01    0.000000000E+00
    1.217681331E+01    0.000000000E+00
    1.219566286E+01    0.000000000E+00
    1.221451242E+01    0.000000000E+00
    1.223336198E+01    0.000000000E+00
    1.225221153E+01    0.000000000E+00
    1.227106109E+01    0.000000000E+00
    1.228991064E+01    0.000000000E+00
    1.230876020E+01    0.000000000E+00
    1.232760976E+01    0.000000000E+00
    1.234645931E+01    0.000000000E+00
    1.236530887E+01    0.000000000E+00
    1.238415842E+01    0.000000000E+00
    1.240300798E+01    0.000000000E+00
    1.242185754E+01    0.000000000E+00
    1.244070709E+01    0.000000000E+00
    1.245955665E+01    0.000000000E+00
    1.247840621E+01    0.000000000E+00
    1.249725576E+01    0.000000000E+00
    1.251610532E+01    0.000000000E+00
    1.253495487E+01    0.000000000E+00
    1.255380443E+01    0.000000000E+00
    1.257265399E+01    0.000000000E+00
    1.259150354E+01    0.000000000E+00
    1.261035310E+01    0.000000000E+00
    1.262920266E+01    0.000000000E+00
    1.264805221E+01    0.000000000E+00
    1.266690177E+01    0.000000000E+00
    1.268575132E+01    0.000000000E+00
    1.270460088E+01    0.000000000E+00
    1.272345044E+01    0.000000000E+00
    1.274229999E+01    0.000000000E+00
    1.276114955E+01    0.000000000E+00
    1.277999911E+01    0.000000000E+00
    1.279884866E+01    0.000000000E+00
    1.281769822E+01    0.000000000E+00
    1.283654777E+01    0.000000000E+00
    1.285539733E+01    0.000000000E+00
    1.287424689E+01    0.000000000E+00
    1.289309644E+01    0.000000000E+00
    1.291194600E+01    0.000000000E+00
    1.293079555E+01    0.000000000E+00
    1.294964511E+01    0.000000000E+00
    1.296849467E+01    0.000000000E+00
    1.298734422E+01    0.000000000E+00
    1.300619378E+01    0.000000000E+00
    1.302504334E+01    0.000000000E+00
    1.304389289E+01    0.000000000E+00
    1.306274245E+01    0.000000000E+00
    1.308159200E+01    0.000000000E+00
    1.310044156E+01    0.000000000E+00
    1.311929112E+01    0.000000000E+00
    1.313814067E+01    0.000000000E+00
    1.315699023E+01    0.000000000E+00
    1.317583979E+01    0.000000000E+00
    1.319468934E+01    0.000000000E+00
    1.321353890E+01    0.000000000E+00
    1.323238845E+01    0.000000000E+00
    1.325123801E+01    0.000000000E+00
    1.327008757E+01    0.000000000E+00
    1.328893712E+01    0.000000000E+00
    1.330778668E+01    0.000000000E+00
    1.332663624E+01    0.000000000E+00
    1.334548579E+01    0.000000000E+00
    1.336433535E+01    0.000000000E+00
    1.338318490E+01    0.000000000E+00
    1.340203446E+01    0.000000000E+00
    1.342088402E+01    0.000000000E+00
    1.343973357E+01    0.000000000E+00
    1.345858313E+01    0.000000000E+00
    1.347743268E+01    0.000000000E+00
    1.349628224E+01    0.000000000E+00
    1.351513180E+01    0.000000000E+00
    1.353398135E+01    0.000000000E+00
    1.355283091E+01    0.000000000E+00
    1.357168047E+01    0.000000000E+00
    1.359053002E+01    0.000000000E+00
    1.360937958E+01    0.000000000E+00
    1.362822913E+01    0.000000000E+00
    1.364707869E+01    0.000000000E+00
    1.366592825E+01    0.000000000E+00
    1.368477780E+01    0.000000000E+00
    1.370362736E+01    0.000000000E+00
    1.372247692E+01    0.000000000E+00
    1.374132647E+01    0.000000000E+00
    1.376017603E+01    0.000000000E+00
    1.377902558E+01    0.000000000E+00
    1.379787514E+01    0.000000000E+00
    1.381672470E+01    0.000000000E+00
    1.383557425E+01    0.000000000E+00
    1.385442381E+01    0.000000000E+00
    1.387327336E+01    0.000000000E+00
    1.389212292E+01    0.000000000E+00
    1.391097248E+01    0.000000000E+00
    1.392982203E+01    0.000000000E+00
    1.394867159E+01    0.000000000E+00
    1.396752115E+01    0.000000000E+00
    1.398637070E+01    0.000000000E+00
    1.400522026E+01    0.000000000E+00
    1.402406981E+01    0.000000000E+00
    1.404291937E+01    0.000000000E+00
    1.406176893E+01    0.000000000E+00
    1.408061848E+01    0.000000000E+00
    1.409946804E+01    0.000000000E+00
    1.411831760E+01    0.000000000E+00
    1.413716715E+01    0.000000000E+00
    1.415601671E+01    0.000000000E+00
    1.417486626E+01    0.000000000E+00
    1.419371582E+01    0.000000000E+00
    1.421256538E+01    0.000000000E+00
    1.423141493E+01    0.000000000E+00
    1.425026449E+01    0.000000000E+00
    1.426911405E+01    0.000000000E+00
    1.428796360E+01    0.000000000E+00
    1.430681316E+01    0.000000000E+00
    1.432566271E+01    0.000000000E+00
    1.434451227E+01    0.000000000E+00
    1.436336183E+01    0.000000000E+00
    1.438221138E+01    0.000000000E+00
    1.440106094E+01    0.000000000E+00
    1.441991049E+01    0.000000000E+00
    1.443876005E+01    0.000000000E+00
    1.445760961E+01    0.000000000E+00
    1.447645916E+01    0.000000000E+00
    1.449530872E+01    0.000000000E+00
    1.451415828E+01    0.000000000E+00
    1.453300783E+01    0.000000000E+00
    1.455185739E+01    0.000000000E+00
    1.457070694E+01    0.000000000E+00
    1.458955650E+01    0.000000000E+00
    1.460840606E+01    0.000000000E+00
    1.462725561E+01    0.000000000E+00
    1.464610517E+01    0.000000000E+00
    1.466495473E+01    0.000000000E+00
    1.468380428E+01    0.000000000E+00
    1.470265384E+01    0.000000000E+00
    1.472150339E+01    0.000000000E+00
    1.474035295E+01    0.000000000E+00
    1.475920251E+01    0.000000000E+00
    1.477805206E+01    0.000000000E+00
    1.479690162E+01    0.000000000E+00
    1.481575118E+01    0.000000000E+00
    1.483460073E+01    0.000000000E+00
    1.485345029E+01    0.000000000E+00
    1.487229984E+01    0.000000000E+00
    1.489114940E+01    0.000000000E+00
    1.490999896E+01    0.000000000E+00
    1.492884851E+01    0.000000000E+00
    1.494769807E+01    0.000000000E+00
    1.496654762E+01    0.000000000E+00
    1.498539718E+01    0.000000000E+00
    1.500424674E+01    0.000000000E+00
    1.502309629E+01    0.000000000E+00
    1.504194585E+01    0.000000000E+00
    1.506079541E+01    0.000000000E+00
    1.507964496E+01    0.000000000E+00
    1.509849452E+01    0.000000000E+00
    1.511734407E+01    0.000000000E+00
    1.513619363E+01    0.000000000E+00
    1.515504319E+01    0.000000000E+00
    1.517389274E+01    0.000000000E+00
    1.519274230E+01    0.000000000E+00
    1.521159186E+01    0.000000000E+00
    1.523044141E+01    0.000000000E+00
    1.524929097E+01    0.000000000E+00
    1.526814052E+01    0.000000000E+00
    1.528699008E+01    0.000000000E+00
    1.530583964E+01    0.000000000E+00
    1.532468919E+01    0.000000000E+00
    1.534353875E+01    0.000000000E+00
    1.536238830E+01    0.000000000E+00
    1.538123786E+01    0.000000000E+00
    1.540008742E+01    0.000000000E+00
    1.541893697E+01    0.000000000E+00
    1.543778653E+01    0.000000000E+00
    1.545663609E+01    0.000000000E+00
    1.547548564E+01    0.000000000E+00
    1.549433520E+01    0.000000000E+00
    1.551318475E+01    0.000000000E+00
    1.553203431E+01    0.000000000E+00
    1.555088387E+01    0.000000000E+00
    1.556973342E+01    0.000000000E+00
    1.558858298E+01    0.000000000E+00
    1.560743254E+01    0.000000000E+00
    1.562628209E+01    0.000000000E+00
    1.564513165E+01    0.000000000E+00
    1.566398120E+01    0.000000000E+00
    1.568283076E+01    0.000000000E+00
    1.570168032E+01    0.000000000E+00
    1.572052987E+01    0.000000000E+00
    1.573937943E+01    0.000000000E+00
    1.575822899E+01    0.000000000E+00
    1.577707854E+01    0.000000000E+00
    1.579592810E+01    0.000000000E+00
    1.581477765E+01    0.000000000E+00
    1.583362721E+01    0.000000000E+00
    1.585247677E+01    0.000000000E+00
    1.587132632E+01    0.000000000E+00
    1.589017588E+01    0.000000000E+00
    1.590902543E+01    0.000000000E+00
    1.592787499E+01    0.000000000E+00
    1.594672455E+01    0.000000000E+00
    1.596557410E+01    0.000000000E+00
    1.598442366E+01    0.000000000E+00
    1.600327322E+01    0.000000000E+00
    1.602212277E+01    0.000000000E+00
    1.604097233E+01    0.000000000E+00
    1.605982188E+01    0.000000000E+00
    1.607867144E+01    0.000000000E+00
    1.609752100E+01    0.000000000E+00
    1.611637055E+01    0.000000000E+00
    1.613522011E+01    0.000000000E+00
    1.615406967E+01    0.000000000E+00
    1.617291922E+01    0.000000000E+00
    1.619176878E+01    0.000000000E+00
    1.621061833E+01    0.000000000E+00
    1.622946789E+01    0.000000000E+00
    1.624831745E+01    0.000000000E+00
    1.626716700E+01    0.000000000E+00
    1.628601656E+01    0.000000000E+00
    1.630486612E+01    0.000000000E+00
    1.632371567E+01    0.000000000E+00
    1.634256523E+01    0.000000000E+00
    1.636141478E+01    0.000000000E+00
    1.638026434E+01    0.000000000E+00
    1.639911390E+01    0.000000000E+00
    1.641796345E+01    0.000000000E+00
    1.643681301E+01    0.000000000E+00
    1.645566256E+01    0.000000000E+00
    1.647451212E+01    0.000000000E+00
    1.649336168E+01    0.000000000E+00
    1.651221123E+01    0.000000000E+00
    1.653106079E+01    0.000000000E+00
    1.654991035E+01    0.000000000E+00
    1.656875990E+01    0.000000000E+00
    1.658760946E+01    0.000000000E+00
    1.660645901E+01    0.000000000E+00
    1.662530857E+01    0.000000000E+00
    1.664415813E+01    6.952369305-310
    1.666300768E+01    0.000000000E+00
    1.668185724E+01    2.470328229-323
    1.670070680E+01    5.517189057-312
    1.671955635E+01    4.320664711-313
    1.673840591E+01    4.320664705-313
    1.675725546E+01    0.000000000E+00
    1.677610502E+01    0.000000000E+00
    1.679495458E+01    0.000000000E+00
    1.681380413E+01    4.940656458-324
    1.683265369E+01    1.264808053-321
    1.685150324E+01    1.630416631-322
    1.687035280E+01    3.952525167-323
    1.688920236E+01    4.320664710-313
    1.690805191E+01    6.952369305-310
    1.692690147E+01    4.320664710-313
    1.694575103E+01    4.940656458-323
    1.696460058E+01    0.000000000E+00
    1.698345014E+01    4.940656458-323
    1.700229969E+01    1.068512314-317
    1.702114925E+01    6.952367341-310
    1.703999881E+01    1.086213494-312
    1.705884836E+01    6.952367341-310
    1.707769792E+01    0.000000000E+00
    1.709654748E+01    0.000000000E+00
    1.711539703E+01    1.060997894-314
    1.713424659E+01    3.772648133-310
    1.715309614E+01    4.320664769-313
    1.717194570E+01    6.952367341-310
    1.719079526E+01    1.284570679-321
    1.720964481E+01    0.000000000E+00
    1.722849437E+01    0.000000000E+00
    1.724734393E+01    0.000000000E+00
    1.726619348E+01    1.683712975-316
    1.728504304E+01    4.320664711-313
    1.730389259E+01    8.900736815-308
    1.732274215E+01    2.519734794-322
    1.734159171E+01    0.000000000E+00
    1.736044126E+01    0.000000000E+00
    1.737929082E+01    0.000000000E+00
    1.739814037E+01    6.952369312-310
    1.741698993E+01    0.000000000E+00
    1.743583949E+01    0.000000000E+00
    1.745468904E+01    0.000000000E+00
    1.747353860E+01    6.952369327-310
    1.749238816E+01    0.000000000E+00
    1.751123771E+01    0.000000000E+00
    1.753008727E+01    4.320664734-313
    1.754893682E+01    4.320664734-313
    1.756778638E+01    4.320469162-313
    1.758663594E+01    6.952369296-310
    1.760548549E+01    8.583682791-312
    1.762433505E+01    9.881312917-324
    1.764318461E+01    0.000000000E+00
    1.766203416E+01    6.952369296-310
    1.768088372E+01    6.952369304-310
    1.769973327E+01    0.000000000E+00
    1.771858283E+01    0.000000000E+00
    1.773743239E+01    0.000000000E+00
    1.775628194E+01    9.881312917-324
    1.777513150E+01    0.000000000E+00
    1.779398106E+01    3.772648133-310
    1.781283061E+01    6.952369313-310
    1.783168017E+01    4.320468960-313
    1.785052972E+01    4.320664734-313
    1.786937928E+01    0.000000000E+00
    1.788822884E+01    4.320664731-313
    1.790707839E+01    3.952525167-322
    1.792592795E+01    6.952369313-310
    1.794477750E+01    2.420921665-322
    1.796362706E+01    4.320664744-313
    1.798247662E+01    4.320664758-313
    1.800132617E+01    4.320664739-313
    1.802017573E+01    2.121995790-314
    1.803902529E+01    6.952369313-310
    1.805787484E+01    4.320664758-313
    1.807672440E+01    4.320664758-313
    1.809557395E+01    0.000000000E+00
    1.811442351E+01    4.320664742-313
    1.813327307E+01    4.320664744-313
    1.815212262E+01    4.320664736-313
    1.817097218E+01    1.383383808-322
    1.818982174E+01    6.952367341-310
    1.820867129E+01    4.320664804-313
    1.822752085E+01    4.940656458-324
    1.824637040E+01    4.320664790-313
    1.826521996E+01    1.039777938-312
    1.828406952E+01    1.060997894-314
    1.830291907E+01    0.000000000E+00
    1.832176863E+01    6.952367454-310
    1.834061818E+01    6.952367341-310
    1.835946774E+01    2.554882932-311
    1.837831730E+01    4.147901563-314
    1.839716685E+01    8.583682821-312
    1.841601641E+01    4.320469162-313
    1.843486597E+01    8.102676592-322
    1.845371552E+01    4.662658565-317
    1.847256508E+01    4.320664739-313
    1.849141463E+01    2.371515100-322
    1.851026419E+01    0.000000000E+00
    1.852911375E+01    4.320664735-313
    1.854796330E+01    8.572862996-312
    1.856681286E+01    0.000000000E+00
    1.858566242E+01    0.000000000E+00
    1.860451197E+01    0.000000000E+00
    1.862336153E+01    1.023602559-306
    1.864221108E+01    1.602210717-306
    1.866106064E+01    7.565773988-307
    1.867991020E+01    1.335115615-306
    1.869875975E+01    2.225186581-306
    1.871760931E+01    1.290611422-306
    1.873645887E+01    1.602212075-306
    1.875530842E+01    1.780208477-306
    1.877415798E+01    1.780208478-306
    1.879300753E+01    4.228007018-307
    1.881185709E+01    2.113976347-307
    1.883070665E+01    1.602210717-306
    1.884955620E+01    3.337766969-307
