    0.000000000E+00   -5.346849800E+00    0.000000000E+00    0.000000000E+00    3.520069086E-09
    1.884955592E-01   -5.341152627E+00    1.709997371E-10    2.495535737E-01    3.518342214E-09
    3.769911184E-01   -5.323650735E+00    3.314187975E-10    4.982347445E-01    3.499167736E-09
    5.654866776E-01   -5.295278532E+00    4.795827183E-10    7.458950255E-01    3.493922271E-09
    7.539822369E-01   -5.256284267E+00    6.345105210E-10    9.943931060E-01    3.521834665E-09
    9.424777961E-01   -5.205474833E+00    8.139204527E-10    1.245686819E+00    3.566765211E-09
    1.130973355E+00   -5.141139659E+00    1.013878457E-09    1.499797699E+00    3.596300357E-09
    1.319468915E+00   -5.062481605E+00    1.215898397E-09    1.755042026E+00    3.599244222E-09
    1.507964474E+00   -4.969731610E+00    1.412702796E-09    2.010159665E+00    3.596388886E-09
    1.696460033E+00   -4.862781809E+00    1.620044327E-09    2.265731643E+00    3.612663597E-09
    1.884955592E+00   -4.740062101E+00    1.859256421E-09    2.523207648E+00    3.645007328E-09
    2.073451151E+00   -4.599111685E+00    2.132084547E-09    2.782754989E+00    3.664186531E-09
    2.261946711E+00   -4.438183321E+00    2.419358066E-09    3.042487037E+00    3.647032531E-09
    2.450442270E+00   -4.256901301E+00    2.705700343E-09    3.299885751E+00    3.599501753E-09
    2.638937829E+00   -4.055136818E+00    2.999831886E-09    3.553594000E+00    3.543582006E-09
    2.827433388E+00   -3.831491937E+00    3.324665098E-09    3.803400531E+00    3.485346483E-09
    3.015928947E+00   -3.583330790E+00    3.688523175E-09    4.048495070E+00    3.403110307E-09
    3.204424507E+00   -3.308435737E+00    4.072613202E-09    4.286127439E+00    3.268864714E-09
    3.392920066E+00   -3.006362185E+00    4.450519376E-09    4.512216664E+00    3.075736183E-09
    3.581415625E+00   -2.677895027E+00    4.816365759E-09    4.723048147E+00    2.838307076E-09
    3.769911184E+00   -2.323315907E+00    5.187064262E-09    4.915950091E+00    2.567103864E-09
    3.958406744E+00   -1.941684239E+00    5.575056712E-09    5.088209144E+00    2.249870056E-09
    4.146902303E+00   -1.532161700E+00    5.964045992E-09    5.235687604E+00    1.862477396E-09
    4.335397862E+00   -1.095952702E+00    6.317160757E-09    5.352923969E+00    1.395170681E-09
    4.523893421E+00   -6.366660710E-01    6.608135848E-09    5.434625476E+00    8.616002025E-10
    4.712388980E+00   -1.587712696E-01    6.838373544E-09    5.476779325E+00    2.806232479E-10
    4.900884540E+00    3.339098400E-01    7.019674989E-09    5.476197527E+00   -3.447229190E-10
    5.089380099E+00    8.377985310E-01    7.143773743E-09    5.429372928E+00   -1.023666558E-09
    5.277875658E+00    1.347691106E+00    7.175759067E-09    5.332435092E+00   -1.753703078E-09
    5.466371217E+00    1.855668098E+00    7.079814370E-09    5.182621950E+00   -2.506263751E-09
    5.654866776E+00    2.352136266E+00    6.847198712E-09    4.979775913E+00   -3.240086745E-09
    5.843362336E+00    2.827885258E+00    6.494411677E-09    4.726347181E+00   -3.925288745E-09
    6.031857895E+00    3.274953219E+00    6.035725349E-09    4.426299249E+00   -4.547152096E-09
    6.220353454E+00    3.685649662E+00    5.464417993E-09    4.084761658E+00   -5.083788473E-09
    6.408849013E+00    4.051337600E+00    4.765049999E-09    3.709415011E+00   -5.484668929E-09
    6.597344573E+00    4.362799876E+00    3.940547153E-09    3.312488407E+00   -5.675912435E-09
    6.785840132E+00    4.611999807E+00    3.020024239E-09    2.911569692E+00   -5.583918517E-09
    6.974335691E+00    4.793297566E+00    2.037310355E-09    2.529103294E+00   -5.144041201E-09
    7.162831250E+00    4.902824894E+00    1.006172659E-09    2.192406568E+00   -4.278908820E-09
    7.351326809E+00    4.937025739E+00   -7.482221288E-11    1.935482687E+00   -2.878103752E-09
    7.539822369E+00    4.892963516E+00   -1.179070676E-09    1.800097037E+00   -8.513431928E-10
    7.728317928E+00    4.772418469E+00   -2.199419796E-09    1.827681802E+00    1.663418085E-09
    7.916813487E+00    4.588259534E+00   -2.960087035E-09    2.031780907E+00    4.018123555E-09
    8.105309046E+00    4.365554745E+00   -3.342373281E-09    2.366055843E+00    5.288535524E-09
    8.293804605E+00    4.127038094E+00   -3.520691651E-09    2.740930146E+00    5.267751889E-09
    8.482300165E+00    3.868109167E+00   -4.001735595E-09    3.091786611E+00    4.770850305E-09
    8.670795724E+00    3.554777289E+00   -5.036977690E-09    3.417668474E+00    4.620106524E-09
    8.859291283E+00    3.162125565E+00   -6.165651662E-09    3.745657142E+00    4.750766750E-09
    9.047786842E+00    2.711458164E+00   -6.667812972E-09    4.073345030E+00    4.518066220E-09
    9.236282402E+00    2.253124137E+00   -6.478682908E-09    4.363390737E+00    3.682558625E-09
    9.424777961E+00    1.809876969E+00   -6.336688928E-09    4.584183593E+00    2.616090664E-09
    9.613273520E+00    1.355459987E+00   -6.773813965E-09    4.735672163E+00    1.752110477E-09
    9.801769079E+00    8.597399330E-01   -7.393180957E-09    4.837704336E+00    1.178088314E-09
    9.990264638E+00    3.393197744E-01   -7.413084995E-09    4.904972446E+00    6.982283366E-10
    1.017876020E+01   -1.559015515E-01   -6.738689394E-09    4.936803742E+00    1.316371655E-10
    1.036725576E+01   -6.008229696E-01   -6.074263454E-09    4.923169972E+00   -5.834500531E-10
    1.055575132E+01   -1.018637628E+00   -5.960739135E-09    4.856109254E+00   -1.345503993E-09
    1.074424688E+01   -1.441936705E+00   -6.125926753E-09    4.740815323E+00   -1.928596373E-09
    1.093274243E+01   -1.866400890E+00   -5.918677736E-09    4.596425873E+00   -2.194878647E-09
    1.112123799E+01   -2.256823525E+00   -5.189758130E-09    4.441512983E+00   -2.279497266E-09
    1.130973355E+01   -2.592117421E+00   -4.428742979E-09    4.276700933E+00   -2.501338732E-09
    1.149822911E+01   -2.888205441E+00   -4.090467800E-09    4.086346671E+00   -2.970099754E-09
    1.168672467E+01   -3.173965348E+00   -4.066687500E-09    3.861810824E+00   -3.413872419E-09
    1.187522023E+01   -3.455239928E+00   -3.894693398E-09    3.617965005E+00   -3.507138879E-09
    1.206371579E+01   -3.711804008E+00   -3.369851363E-09    3.379888977E+00   -3.300226758E-09
    1.225221135E+01   -3.925985410E+00   -2.746708693E-09    3.154574893E+00   -3.193482017E-09
    1.244070691E+01   -4.103983721E+00   -2.372380268E-09    2.924049514E+00   -3.430719336E-09
    1.262920247E+01   -4.266709984E+00   -2.280706170E-09    2.670338096E+00   -3.785000887E-09
    1.281769803E+01   -4.425187644E+00   -2.198193267E-09    2.400598808E+00   -3.850956346E-09
    1.300619359E+01   -4.570989813E+00   -1.906171469E-09    2.139839232E+00   -3.568505084E-09
    1.319468915E+01   -4.690069117E+00   -1.471111819E-09    1.900281655E+00   -3.309367116E-09
    1.338318470E+01   -4.780305306E+00   -1.121530736E-09    1.666818633E+00   -3.399229474E-09
    1.357168026E+01   -4.853279467E+00   -9.771730976E-10    1.417171841E+00   -3.709098595E-09
    1.376017582E+01   -4.920776684E+00   -9.310219158E-10    1.150584071E+00   -3.831218009E-09
    1.394867138E+01   -4.982921249E+00   -7.995873373E-10    8.885053523E-01   -3.602241370E-09
    1.413716694E+01   -5.030410137E+00   -5.233391693E-10    6.470304224E-01   -3.307248929E-09
    1.432566250E+01   -5.056042403E+00   -2.075549478E-10    4.168085235E-01   -3.305045482E-09
    1.451415806E+01   -5.062586400E+00    3.988470038E-12    1.754982214E-01   -3.577665294E-09
    1.470265362E+01   -5.059283527E+00    8.751294522E-11   -8.405594342E-02   -3.768808996E-09
    1.489114918E+01   -5.051679299E+00    1.539804620E-10   -3.457988907E-01   -3.643040887E-09
    1.507964474E+01   -5.035980453E+00    3.282136488E-10   -5.918601583E-01   -3.376587050E-09
    1.526814030E+01   -5.003276451E+00    6.207789757E-10   -8.251358548E-01   -3.314369407E-09
    1.545663586E+01   -4.949078101E+00    9.153545657E-10   -1.064817040E+00   -3.532148015E-09
    1.564513141E+01   -4.877930963E+00    1.099833084E-09   -1.321886072E+00   -3.756755074E-09
    1.583362697E+01   -4.797801874E+00    1.193666105E-09   -1.586096988E+00   -3.723661049E-09
    1.602212253E+01   -4.710274059E+00    1.334464256E-09   -1.840031345E+00   -3.504608869E-09
    1.621061809E+01   -4.607429257E+00    1.628211011E-09   -2.080897182E+00   -3.390889821E-09
    1.639911365E+01   -4.479659673E+00    2.019168768E-09   -2.322479673E+00   -3.515087792E-09
    1.658760921E+01   -4.325958176E+00    2.349134150E-09   -2.576341305E+00   -3.697307784E-09
    1.677610477E+01   -4.154255236E+00    2.545411412E-09   -2.837019108E+00   -3.688517426E-09
    1.696460033E+01   -3.970666694E+00    2.719167266E-09   -3.089201346E+00   -3.479888329E-09
    1.715309589E+01   -3.770147958E+00    3.041363325E-09   -3.325859855E+00   -3.281558703E-09
    1.734159145E+01   -3.540593220E+00    3.527101898E-09   -3.553922496E+00   -3.237138372E-09
    1.753008701E+01   -3.276283194E+00    4.005735876E-09   -3.782030358E+00   -3.252543077E-09
    1.771858257E+01   -2.984046054E+00    4.326892542E-09   -4.007339544E+00   -3.134053562E-09
    1.790707813E+01   -2.673773730E+00    4.553350316E-09   -4.217469240E+00   -2.828508150E-09
    1.809557368E+01   -2.344817793E+00    4.884707711E-09   -4.402852965E+00   -2.452553814E-09
    1.828406924E+01   -1.986058817E+00    5.391890905E-09   -4.563097853E+00   -2.119315311E-09
    1.847256480E+01   -1.590310043E+00    5.910812476E-09   -4.701294955E+00   -1.806840508E-09
    1.866106036E+01   -1.164638113E+00    6.241238534E-09   -4.815409042E+00   -1.410892788E-09
    1.884955592E+01   -7.229786538E-01    6.396901251E-09   -4.897091228E+00   -8.752339741E-10
    1.903805148E+01   -2.708237741E-01    6.569426594E-09   -4.937082743E+00   -2.292160189E-10
    1.922654704E+01    1.974850713E-01    6.851933803E-09   -4.929930328E+00    4.626637997E-10
    1.941504260E+01    6.854063433E-01    7.100481969E-09   -4.874524135E+00    1.152726617E-09
    1.960353816E+01    1.182969408E+00    7.115276712E-09   -4.771808495E+00    1.829329827E-09
    1.979203372E+01    1.672474105E+00    6.888479276E-09   -4.621865035E+00    2.517503390E-09
    1.998052928E+01    2.142581443E+00    6.581382549E-09   -4.422332325E+00    3.249140115E-09
    2.016902484E+01    2.591943714E+00    6.288690761E-09   -4.170784076E+00    3.991605304E-09
    2.035752040E+01    3.019410157E+00    5.927717543E-09   -3.870617553E+00    4.623575632E-09
    2.054601595E+01    3.415754289E+00    5.379844992E-09   -3.534192139E+00    5.024093502E-09
    2.073451151E+01    3.767787521E+00    4.663438566E-09   -3.178508539E+00    5.176757668E-09
    2.092300707E+01    4.068228146E+00    3.914442754E-09   -2.818730696E+00    5.128795249E-09
    2.111150263E+01    4.319236449E+00    3.248393809E-09   -2.469473270E+00    4.835067446E-09
    2.129999819E+01    4.527973129E+00    2.690909927E-09   -2.154137362E+00    4.102030929E-09
    2.148849375E+01    4.700783843E+00    2.201431651E-09   -1.911335254E+00    2.717548092E-09
    2.167698931E+01    4.838796024E+00    1.671882698E-09   -1.790097043E+00    6.290726035E-10
    2.186548487E+01    4.931321364E+00    8.755669109E-10   -1.834518511E+00   -1.926945144E-09
    2.205398043E+01    4.950342015E+00   -4.115553183E-10   -2.058873325E+00   -4.322746585E-09
    2.224247599E+01    4.863880733E+00   -2.031817011E-09   -2.422857635E+00   -5.737687101E-09
    2.243097155E+01    4.669403728E+00   -3.368951761E-09   -2.841064642E+00   -5.860160731E-09
    2.261946711E+01    4.405942042E+00   -3.984018392E-09   -3.238549531E+00   -5.290537549E-09
    2.280796267E+01    4.116533149E+00   -4.209061704E-09   -3.599964741E+00   -4.947041850E-09
    2.299645822E+01    3.801461125E+00   -4.784466226E-09   -3.956301922E+00   -5.099731640E-09
    2.318495378E+01    3.422910290E+00   -5.937294475E-09   -4.325140987E+00   -5.164998584E-09
    2.337344934E+01    2.958682232E+00   -7.056200147E-09   -4.674945925E+00   -4.505732727E-09
    2.356194490E+01    2.441077846E+00   -7.379967751E-09   -4.954232327E+00   -3.261140483E-09
    2.375044046E+01    1.931625453E+00   -6.923626782E-09   -5.146634152E+00   -2.173107139E-09
    2.393893602E+01    1.458162467E+00   -6.506710758E-09   -5.282480468E+00   -1.679234816E-09
    2.412743158E+01    9.900172043E-01   -6.785183494E-09   -5.395501022E+00   -1.441356727E-09
    2.431592714E+01    4.830387176E-01   -7.462841640E-09   -5.480781308E+00   -8.341397565E-10
    2.450442270E+01   -5.936920765E-02   -7.653643669E-09   -5.504800289E+00    2.366396007E-10
    2.469291826E+01   -5.823675415E-01   -6.946426970E-09   -5.453138401E+00    1.199738348E-09
    2.488141382E+01   -1.037755153E+00   -5.904651944E-09   -5.353625663E+00    1.563663241E-09
    2.506990938E+01   -1.435220331E+00   -5.413132671E-09   -5.244312584E+00    1.553466519E-09
    2.525840493E+01   -1.825961804E+00   -5.645245865E-09   -5.128907511E+00    1.802614315E-09
    2.544690049E+01   -2.238814944E+00   -5.886271930E-09   -4.977077581E+00    2.542145215E-09
    2.563539605E+01   -2.645510029E+00   -5.420267875E-09   -4.768654451E+00    3.294136342E-09
    2.582389161E+01   -2.995096996E+00   -4.381403644E-09   -4.526393172E+00    3.457731287E-09
    2.601238717E+01   -3.273951285E+00   -3.559860596E-09   -4.293933263E+00    3.099298349E-09
    2.620088273E+01   -3.519678448E+00   -3.455795645E-09   -4.084693138E+00    2.902462467E-09
    2.638937829E+01   -3.775001124E+00   -3.714948478E-09   -3.867415504E+00    3.315278024E-09
    2.657787385E+01   -4.038468262E+00   -3.591025126E-09   -3.607384928E+00    3.993891303E-09
    2.676636941E+01   -4.270367760E+00   -2.862508418E-09   -3.312747580E+00    4.209394707E-09
    2.695486497E+01   -4.443885431E+00   -2.061529175E-09   -3.028985581E+00    3.742581476E-09
    2.714336053E+01   -4.577252704E+00   -1.783248968E-09   -2.785936737E+00    3.190656338E-09
    2.733185609E+01   -4.710190270E+00   -1.983419213E-09   -2.561916841E+00    3.250883553E-09
    2.752035165E+01   -4.856719092E+00   -2.070643883E-09   -2.310598775E+00    3.865008917E-09
    2.770884720E+01   -4.991612796E+00   -1.647426571E-09   -2.017931065E+00    4.293424393E-09
    2.789734276E+01   -5.085188198E+00   -9.891968721E-10   -1.720291742E+00    4.002224284E-09
    2.808583832E+01   -5.141244830E+00   -6.550832057E-10   -1.461780758E+00    3.314074701E-09
    2.827433388E+01   -5.190993271E+00   -7.807411271E-10   -1.241181285E+00    3.034793296E-09
    2.846282944E+01   -5.253955507E+00   -9.463185242E-10   -1.013293100E+00    3.476848380E-09
    2.865132500E+01   -5.315526112E+00   -7.126898736E-10   -7.432869332E-01    4.087241416E-09
    2.883982056E+01   -5.347527132E+00   -1.699287409E-10   -4.479729102E-01    4.123105612E-09
    2.902831612E+01   -5.345094277E+00    1.921451776E-10   -1.750970080E-01    3.534997651E-09
    2.921681168E+01   -5.332355847E+00    1.316443576E-10    5.406984086E-02    3.021485314E-09
    2.940530724E+01   -5.330742659E+00   -5.097638616E-11    2.701582429E-01    3.190259436E-09
    2.959380280E+01   -5.331937950E+00    9.153381287E-11    5.187746953E-01    3.829552200E-09
    2.978229836E+01   -5.308758256E+00    5.945713781E-10    8.064703582E-01    4.180413322E-09
    2.997079392E+01   -5.249867600E+00    1.029951852E-09    1.094370497E+00    3.851603899E-09
    3.015928947E+01   -5.174350792E+00    1.059257383E-09    1.345559121E+00    3.266569758E-09
    3.034778503E+01   -5.106508312E+00    8.807061338E-10    1.568773813E+00    3.141631737E-09
    3.053628059E+01   -5.043600903E+00    9.727797425E-10    1.806843594E+00    3.629285893E-09
    3.072477615E+01   -4.957897491E+00    1.494463951E-09    2.085011574E+00    4.150397488E-09
    3.091327171E+01   -4.830243235E+00    2.078942344E-09    2.381756187E+00    4.108422096E-09
    3.110176727E+01   -4.673864434E+00    2.277826548E-09    2.655845732E+00    3.591214774E-09
    3.129026283E+01   -4.517461952E+00    2.141474003E-09    2.895114796E+00    3.229003204E-09
    3.147875839E+01   -4.367369287E+00    2.174423831E-09    3.128486629E+00    3.426506449E-09
    3.166725395E+01   -4.196971147E+00    2.707106504E-09    3.388835649E+00    3.891247313E-09
    3.185574951E+01   -3.977185318E+00    3.482682375E-09    3.672668344E+00    4.007232701E-09
    3.204424507E+01   -3.711079512E+00    3.951445835E-09    3.944649810E+00    3.583133553E-09
    3.223274063E+01   -3.430148278E+00    3.939836672E-09    4.179297353E+00    3.046111318E-09
    3.242123619E+01   -3.154871536E+00    3.886672109E-09    4.387753151E+00    2.884996926E-09
    3.260973174E+01   -2.867452123E+00    4.314617192E-09    4.598836731E+00    3.061896252E-09
    3.279822730E+01   -2.531349393E+00    5.183983295E-09    4.819903667E+00    3.081577997E-09
    3.298672286E+01   -2.134576862E+00    5.924240251E-09    5.025426291E+00    2.610827563E-09
    3.317521842E+01   -1.704941812E+00    6.099513967E-09    5.185892523E+00    1.875677779E-09
    3.336371398E+01   -1.278366045E+00    5.927732085E-09    5.299463093E+00    1.340563091E-09
    3.355220954E+01   -8.573112694E-01    6.022196976E-09    5.386917903E+00    1.112486291E-09
    3.374070510E+01   -4.096063744E-01    6.644687304E-09    5.458608348E+00    8.277858773E-10
    3.392920066E+01    9.027392351E-02    7.376516196E-09    5.496111499E+00    1.269062739E-10
    3.411769622E+01    6.267193186E-01    7.602735592E-09    5.471259777E+00   -8.779640359E-10
    3.430619178E+01    1.155991526E+00    7.220187827E-09    5.378336464E+00   -1.734676263E-09
    3.449468734E+01    1.650867125E+00    6.733281834E-09    5.237886230E+00   -2.229495984E-09
    3.468318290E+01    2.124005746E+00    6.635876612E-09    5.067051625E+00   -2.652155733E-09
    3.487167845E+01    2.603116243E+00    6.820352789E-09    4.855383017E+00   -3.402480379E-09
    3.506017401E+01    3.088604764E+00    6.715948839E-09    4.577933036E+00   -4.446030668E-09
    3.524866957E+01    3.544408659E+00    5.975515187E-09    4.230439484E+00   -5.293732693E-09
    3.543716513E+01    3.931706967E+00    4.868899520E-09    3.843214503E+00   -5.553693031E-09
    3.562566069E+01    4.243881209E+00    3.930998072E-09    3.455007803E+00   -5.387413047E-09
    3.581415625E+01    4.502146113E+00    3.333378405E-09    3.078591361E+00   -5.271044225E-09
    3.600265181E+01    4.720349707E+00    2.731373604E-09    2.702268604E+00   -5.338324843E-09
    3.619114737E+01    4.882492669E+00    1.723616613E-09    2.327544817E+00   -5.116845103E-09
    3.637964293E+01    4.957816972E+00    3.342458285E-10    1.999174600E+00   -3.967453280E-09
    3.656813849E+01    4.931858899E+00   -1.053870083E-09    1.792948107E+00   -1.715268350E-09
    3.675663405E+01    4.817570289E+00   -2.111729297E-09    1.772460040E+00    1.148773321E-09
    3.694512961E+01    4.643710620E+00   -2.743468584E-09    1.947666227E+00    3.675073877E-09
    3.713362517E+01    4.440306459E+00   -3.020829311E-09    2.259131913E+00    4.971395548E-09
    3.732212072E+01    4.223411532E+00   -3.235440247E-09    2.614099903E+00    5.032327012E-09
    3.751061628E+01    3.979645397E+00   -3.842517328E-09    2.955412955E+00    4.743698152E-09
    3.769911184E+01    3.674395243E+00   -4.939849689E-09    3.287475678E+00    4.808437323E-09
    3.788760740E+01    3.290316039E+00   -6.006454804E-09    3.632247763E+00    5.016501562E-09
    3.807610296E+01    2.854092512E+00   -6.429508520E-09    3.977057202E+00    4.733798269E-09
    3.826459852E+01    2.411380899E+00   -6.292556299E-09    4.279987378E+00    3.848985916E-09
    3.845309408E+01    1.975298484E+00   -6.320124435E-09    4.512804130E+00    2.810655965E-09
    3.864158964E+01    1.517108935E+00   -6.879061415E-09    4.680430801E+00    2.021186938E-09
    3.883008520E+01    1.014568915E+00   -7.469782043E-09    4.802976303E+00    1.483209478E-09
    3.901858076E+01    4.924160922E-01   -7.398783021E-09    4.890631724E+00    9.648467943E-10
    3.920707632E+01   -1.198443768E-03   -6.732084556E-09    4.938266833E+00    3.182211278E-10
    3.939557188E+01   -4.496224217E-01   -6.190801330E-09    4.935185910E+00   -4.569464832E-10
    3.958406744E+01   -8.796356704E-01   -6.179838924E-09    4.876664181E+00   -1.219398314E-09
    3.977256299E+01   -1.317897236E+00   -6.319937411E-09    4.771528598E+00   -1.768895831E-09
    3.996105855E+01   -1.752332315E+00   -6.015048956E-09    4.638946492E+00   -2.030738723E-09
    4.014955411E+01   -2.147579380E+00   -5.250966202E-09    4.493702033E+00   -2.176227400E-09
    4.033804967E+01   -2.489016924E+00   -4.554706561E-09    4.332952344E+00   -2.483909381E-09
    4.052654523E+01   -2.796798745E+00   -4.290965540E-09    4.142293643E+00   -2.984845350E-09
    4.071504079E+01   -3.096705895E+00   -4.256244631E-09    3.918033706E+00   -3.388719130E-09
    4.090353635E+01   -3.388521660E+00   -4.004658919E-09    3.677916905E+00   -3.437409975E-09
    4.109203191E+01   -3.650493553E+00   -3.426560142E-09    3.444290517E+00   -3.256610024E-09
    4.128052747E+01   -3.869025147E+00   -2.825269631E-09    3.219178874E+00   -3.232134843E-09
    4.146902303E+01   -4.054451014E+00   -2.503604513E-09    2.983832725E+00   -3.518033443E-09
    4.165751859E+01   -4.227058108E+00   -2.420474337E-09    2.724952955E+00   -3.837209353E-09
    4.184601415E+01   -4.393806217E+00   -2.288766091E-09    2.454121532E+00   -3.837136663E-09
    4.203450971E+01   -4.543924368E+00   -1.944228213E-09    2.195042125E+00   -3.549092900E-09
    4.222300526E+01   -4.665123245E+00   -1.502689420E-09    1.954660812E+00   -3.357447785E-09
    4.241150082E+01   -4.758634231E+00   -1.185478355E-09    1.715421341E+00   -3.506356375E-09
    4.259999638E+01   -4.837095182E+00   -1.063052726E-09    1.458565595E+00   -3.796568384E-09
    4.278849194E+01   -4.910194234E+00   -9.978220881E-10    1.188371731E+00   -3.848979629E-09
    4.297698750E+01   -4.975574520E+00   -8.251782551E-10    9.265304173E-01   -3.591022665E-09
    4.316548306E+01   -5.023808091E+00   -5.251869674E-10    6.844493975E-01   -3.344009629E-09
    4.335397862E+01   -5.049806788E+00   -2.208619406E-10    4.492280214E-01   -3.404710115E-09
    4.354247418E+01   -5.058237022E+00   -3.429553502E-11    2.005413622E-01   -3.676609873E-09
    4.373096974E+01   -5.058005106E+00    4.465414221E-11   -6.386684049E-02   -3.806486585E-09
    4.391946530E+01   -5.052668244E+00    1.358398444E-10   -3.263738846E-01   -3.637643354E-09
    4.410796086E+01   -5.037035798E+00    3.418270513E-10   -5.726644433E-01   -3.398323040E-09
    4.429645642E+01   -5.002879716E+00    6.431241728E-10   -8.096210479E-01   -3.395182572E-09
    4.448495197E+01   -4.947708073E+00    9.191339930E-10   -1.055873113E+00   -3.628155811E-09
    4.467344753E+01   -4.877137027E+00    1.084034646E-09   -1.318207987E+00   -3.806261445E-09
    4.486194309E+01   -4.798078385E+00    1.184749277E-09   -1.583952598E+00   -3.724934971E-09
    4.505043865E+01   -4.710087052E+00    1.357585469E-09   -1.837908422E+00   -3.513662251E-09
    4.523893421E+01   -4.604554178E+00    1.677131616E-09   -2.081058301E+00   -3.447721738E-09
    4.542742977E+01   -4.473414002E+00    2.062074269E-09   -2.327737015E+00   -3.595494688E-09
    4.561592533E+01   -4.317685020E+00    2.365889082E-09   -2.586365692E+00   -3.746964323E-09
    4.580442089E+01   -4.145368789E+00    2.552731423E-09   -2.848784297E+00   -3.692162654E-09
    4.599291645E+01   -3.960486547E+00    2.752895387E-09   -3.100650894E+00   -3.475392951E-09
    4.618141201E+01   -3.756201396E+00    3.112331646E-09   -3.337955387E+00   -3.307205350E-09
    4.636990757E+01   -3.521206663E+00    3.605730007E-09   -3.568760998E+00   -3.284624799E-09
    4.655840313E+01   -3.252314913E+00    4.057315965E-09   -3.799748639E+00   -3.281554417E-09
    4.674689869E+01   -2.957495852E+00    4.355364368E-09   -4.025704131E+00   -3.124195223E-09
    4.693539424E+01   -2.644890432E+00    4.597869008E-09   -4.234261635E+00   -2.798884127E-09
    4.712388980E+01   -2.311404034E+00    4.968935363E-09   -4.417746123E+00   -2.431170231E-09
    4.731238536E+01   -1.946012819E+00    5.491342275E-09   -4.576946112E+00   -2.108550152E-09
    4.750088092E+01   -1.544206696E+00    5.982190987E-09   -4.714167678E+00   -1.785270783E-09
    4.768937648E+01   -1.114973010E+00    6.277045923E-09   -4.825864452E+00   -1.361695698E-09
    4.787787204E+01   -6.710421766E-01    6.433176867E-09   -4.903165952E+00   -8.011192418E-10
    4.806636760E+01   -2.153695651E-01    6.634606867E-09   -4.937482410E+00   -1.435768574E-10
    4.825486316E+01    2.580060749E-01    6.926511648E-09   -4.924294639E+00    5.495579685E-10
    4.844335872E+01    7.500667397E-01    7.141125260E-09   -4.862908082E+00    1.239610975E-09
    4.863185428E+01    1.248727386E+00    7.109585013E-09   -4.754010927E+00    1.922600178E-09
    4.882034984E+01    1.737026211E+00    6.865497758E-09   -4.597067009E+00    2.625711594E-09
    4.900884540E+01    2.205794798E+00    6.567076409E-09   -4.389444221E+00    3.370597379E-09
    4.919734096E+01    2.654214302E+00    6.271689097E-09   -4.129528235E+00    4.106955913E-09
    4.938583651E+01    3.079507150E+00    5.878712842E-09   -3.822327755E+00    4.709229306E-09
    4.957433207E+01    3.471055920E+00    5.292381976E-09   -3.481220383E+00    5.074481807E-09
    4.976282763E+01    3.816323715E+00    4.560395749E-09   -3.122847977E+00    5.203687469E-09
    4.995132319E+01    4.109840991E+00    3.820389480E-09   -2.761839394E+00    5.132173016E-09
    5.013981875E+01    4.354894453E+00    3.169858640E-09   -2.413943400E+00    4.783772867E-09
    5.032831431E+01    4.558582474E+00    2.621797831E-09   -2.105347135E+00    3.952281184E-09
    5.051680987E+01    4.726654830E+00    2.132047669E-09   -1.877169798E+00    2.445688461E-09
    5.070530543E+01    4.859148707E+00    1.579311346E-09   -1.778983329E+00    2.481464609E-10
    5.089380099E+01    4.942972058E+00    7.163696575E-10   -1.852446599E+00   -2.353053415E-09
    5.108229655E+01    4.947519534E+00   -6.571900453E-10   -2.105039879E+00   -4.668794154E-09
    5.127079211E+01    4.842333090E+00   -2.299157006E-09   -2.487142150E+00   -5.888731664E-09
    5.145928767E+01    4.631588058E+00   -3.550790917E-09   -2.909224714E+00   -5.830396732E-09
    5.164778323E+01    4.359359939E+00   -4.059581061E-09   -3.302283026E+00   -5.218091682E-09
    5.183627878E+01    4.065443636E+00   -4.279239357E-09   -3.660907321E+00   -4.946449089E-09
    5.202477434E+01    3.742164671E+00   -4.948760158E-09   -4.019388684E+00   -5.143178111E-09
    5.221326990E+01    3.348976507E+00   -6.166518064E-09   -4.389290609E+00   -5.132079587E-09
    5.240176546E+01    2.870133137E+00   -7.217748360E-09   -4.732091919E+00   -4.342700229E-09
    5.259026102E+01    2.346415945E+00   -7.392090072E-09   -4.997475475E+00   -3.051121965E-09
    5.277875658E+01    1.839635698E+00   -6.858602053E-09   -5.176992358E+00   -2.032086106E-09
    5.296725214E+01    1.368968770E+00   -6.508689992E-09   -5.305979914E+00   -1.619031411E-09
    5.315574770E+01    8.964040591E-01   -6.896738699E-09   -5.414805535E+00   -1.367732723E-09
    5.334424326E+01    3.805796021E-01   -7.574423682E-09   -5.491811106E+00   -6.723496162E-10
    5.353273882E+01   -1.655677484E-01   -7.635956375E-09   -5.502276184E+00    4.422925622E-10
    5.372123438E+01   -6.823596169E-01   -6.805493499E-09   -5.437866622E+00    1.340936820E-09
    5.390972994E+01   -1.127329987E+00   -5.776362377E-09   -5.331928304E+00    1.609083181E-09
    5.409822549E+01   -1.519793020E+00   -5.403997214E-09   -5.220363219E+00    1.586637079E-09
    5.428672105E+01   -1.913211191E+00   -5.709030876E-09   -5.100010411E+00    1.913018801E-09
    5.447521661E+01   -2.329012074E+00   -5.885332013E-09   -4.937765227E+00    2.711705832E-09
    5.466371217E+01   -2.731064189E+00   -5.294076543E-09   -4.718483560E+00    3.415469374E-09
    5.485220773E+01   -3.069494714E+00   -4.215220051E-09   -4.471600656E+00    3.469640812E-09
    5.504070329E+01   -3.339089156E+00   -3.478587756E-09   -4.240385165E+00    3.070214294E-09
    5.522919885E+01   -3.583063906E+00   -3.477487782E-09   -4.030964288E+00    2.946721484E-09
    5.541769441E+01   -3.840592530E+00   -3.734907087E-09   -3.806898899E+00    3.451399063E-09
    5.560618997E+01   -4.102237266E+00   -3.513460271E-09   -3.536821430E+00    4.121299294E-09
    5.579468553E+01   -4.325676221E+00   -2.715851932E-09   -3.236809892E+00    4.229003756E-09
    5.598318109E+01   -4.489655099E+00   -1.955263149E-09   -2.955112932E+00    3.681734175E-09
    5.617167665E+01   -4.618918350E+00   -1.772186779E-09   -2.715420242E+00    3.174616525E-09
    5.636017221E+01   -4.752863551E+00   -2.006760697E-09   -2.488352306E+00    3.349511321E-09
    5.654866776E+01   -4.899156630E+00   -2.030023563E-09   -2.227703060E+00    4.008670910E-09
    5.673716332E+01   -5.028168562E+00   -1.529322635E-09   -1.927172617E+00    4.357654137E-09
    5.692565888E+01   -5.113061227E+00   -8.769681054E-10   -1.629202516E+00    3.957196995E-09
    5.711415444E+01   -5.163738366E+00   -6.186174290E-10   -1.374865734E+00    3.262973749E-09
    5.730265000E+01   -5.213015739E+00   -7.921811267E-10   -1.154369883E+00    3.089856140E-09
    5.749114556E+01   -5.275811664E+00   -9.185185475E-10   -9.187621389E-01    3.623363881E-09
    5.767964112E+01   -5.332577530E+00   -6.074309498E-10   -6.387056861E-01    4.203939348E-09
    5.786813668E+01   -5.355988972E+00   -4.546326532E-11   -3.390438995E-01    4.128296855E-09
    5.805663224E+01   -5.346578022E+00    2.589216764E-10   -6.850463876E-02    3.482936498E-09
    5.824512780E+01   -5.331322374E+00    1.447169197E-10    1.588126525E-01    3.036521918E-09
    5.843362336E+01   -5.328383837E+00   -1.443752053E-11    3.801690638E-01    3.316574979E-09
    5.862211892E+01   -5.324247316E+00    2.061548680E-10    6.393342425E-01    3.979594200E-09
    5.881061448E+01   -5.291044946E+00    7.514194470E-10    9.349486149E-01    4.243007247E-09
    5.899911003E+01   -5.222136098E+00    1.147465754E-09    1.223673616E+00    3.823490605E-09
    5.918760559E+01   -5.140636334E+00    1.116749618E-09    1.472705350E+00    3.251956133E-09
    5.937610115E+01   -5.068919837E+00    9.458759031E-10    1.698276133E+00    3.224819252E-09
    5.956459671E+01   -4.998725671E+00    1.117425743E-09    1.945008894E+00    3.773412878E-09
    5.975309227E+01   -4.900003708E+00    1.707017812E-09    2.232212411E+00    4.244159020E-09
    5.994158783E+01   -4.757370932E+00    2.277044953E-09    2.531945621E+00    4.100298538E-09
    6.013008339E+01   -4.589307650E+00    2.411099267E-09    2.803583224E+00    3.545469687E-09
    6.031857895E+01   -4.424540674E+00    2.257928102E-09    3.041384066E+00    3.241594073E-09
    6.050707451E+01   -4.263976395E+00    2.362097991E-09    3.278431960E+00    3.507101892E-09
    6.069557007E+01   -4.076763119E+00    2.986222708E-09    3.544432356E+00    3.951589051E-09
    6.088406563E+01   -3.835988462E+00    3.779770239E-09    3.829261145E+00    3.968034912E-09
    6.107256119E+01   -3.550833202E+00    4.185784772E-09    4.095367345E+00    3.465795217E-09
    6.126105675E+01   -3.255504068E+00    4.121956419E-09    4.321632157E+00    2.937021383E-09
    6.144955230E+01   -2.966450559E+00    4.105494417E-09    4.524201690E+00    2.823385682E-09
    6.163804786E+01   -2.660122459E+00    4.626102768E-09    4.731125039E+00    2.989819442E-09
    6.182654342E+01   -2.299738287E+00    5.539262422E-09    4.944052889E+00    2.913052994E-09
    6.201503898E+01   -1.879244309E+00    6.222462322E-09    5.133666094E+00    2.334954608E-09
    6.220353454E+01   -1.431903205E+00    6.301943589E-09    5.272950611E+00    1.564654841E-09
    6.239203010E+01   -9.925567963E-01    6.096985765E-09    5.365311171E+00    1.053828378E-09
    6.258052566E+01   -5.579489112E-01    6.237315625E-09    5.432706157E+00    8.214038638E-10
    6.276902122E+01   -9.316117567E-02    6.895306107E-09    5.481158490E+00    4.529783970E-10
    6.295751678E+01    4.230734592E-01    7.565191257E-09    5.487966540E+00   -3.598137209E-10
    6.314601234E+01    9.682423074E-01    7.651060677E-09    5.426419404E+00   -1.411392613E-09
    6.333450790E+01    1.496497509E+00    7.150166126E-09    5.296754312E+00   -2.228563358E-09
    6.352300346E+01    1.984877777E+00    6.627220914E-09    5.123225747E+00   -2.673206630E-09
    6.371149901E+01    2.450638622E+00    6.526216344E-09    4.920757230E+00   -3.107862547E-09
    6.389999457E+01    2.920266854E+00    6.644463606E-09    4.674810508E+00   -3.907402397E-09
    6.408849013E+01    3.388337639E+00    6.390026273E-09    4.361191689E+00   -4.940607851E-09
    6.427698569E+01    3.815323368E+00    5.495696293E-09    3.982375026E+00   -5.663216610E-09
    6.446548125E+01    4.165433102E+00    4.314823328E-09    3.575501185E+00   -5.733766200E-09
    6.465397681E+01    4.437888832E+00    3.371262273E-09    3.180568573E+00   -5.401416207E-09
    6.484247237E+01    4.655928819E+00    2.753823844E-09    2.807825050E+00   -5.149110340E-09
    6.503096793E+01    4.830242604E+00    2.070211061E-09    2.446469887E+00   -5.017690357E-09
    6.521946349E+01    4.941512190E+00    9.602777448E-10    2.106124241E+00   -4.443193586E-09
    6.540795905E+01    4.960131098E+00   -4.814050167E-10    1.842786386E+00   -2.796494866E-09
    6.559645461E+01    4.876492439E+00   -1.841922190E-09    1.738220368E+00   -4.057912687E-11
    6.578495017E+01    4.710021353E+00   -2.776119858E-09    1.846140711E+00    3.024493907E-09
    6.597344573E+01    4.498192371E+00   -3.165575351E-09    2.139658781E+00    5.066403480E-09
    6.616194128E+01    4.276527215E+00   -3.186266174E-09    2.514129594E+00    5.386876422E-09
    6.635043684E+01    4.049215041E+00   -3.448529883E-09    2.871113332E+00    4.788587141E-09
    6.653893240E+01    3.776842572E+00   -4.460383861E-09    3.193589107E+00    4.542708039E-09
    6.672742796E+01    3.415593032E+00   -5.855741999E-09    3.522672573E+00    4.905759018E-09
    6.691592352E+01    2.974123985E+00   -6.676034925E-09    3.874145252E+00    5.034058906E-09
    6.710441908E+01    2.512977468E+00   -6.510249364E-09    4.206070826E+00    4.320413405E-09
    6.729291464E+01    2.075825437E+00   -6.143035978E-09    4.467620218E+00    3.120291465E-09
    6.748141020E+01    1.639331974E+00   -6.512215867E-09    4.648108991E+00    2.095263038E-09
    6.766990576E+01    1.153222087E+00   -7.414243525E-09    4.772239150E+00    1.499202207E-09
    6.785840132E+01    6.183071103E-01   -7.780250047E-09    4.863879905E+00    1.085057454E-09
    6.804689688E+01    9.521067973E-02   -7.126705582E-09    4.924714091E+00    5.592983565E-10
    6.823539244E+01   -3.680252701E-01   -6.214086182E-09    4.940738255E+00   -1.863825054E-10
    6.842388800E+01   -7.892213215E-01   -5.969144581E-09    4.897874519E+00   -1.062005273E-09
    6.861238355E+01   -1.217921019E+00   -6.310310530E-09    4.797067256E+00   -1.788207621E-09
    6.880087911E+01   -1.664674623E+00   -6.356126588E-09    4.658995976E+00   -2.135980402E-09
    6.898937467E+01   -2.087493747E+00   -5.640077110E-09    4.509329264E+00   -2.183406309E-09
    6.917787023E+01   -2.447229233E+00   -4.669377969E-09    4.354669844E+00   -2.326922299E-09
    6.936636579E+01   -2.753491420E+00   -4.174163777E-09    4.176324595E+00   -2.829287554E-09
    6.955486135E+01   -3.046273671E+00   -4.216899859E-09    3.956149746E+00   -3.436500736E-09
    6.974335691E+01   -3.343945854E+00   -4.208565080E-09    3.705168056E+00   -3.667874788E-09
    6.993185247E+01   -3.624680833E+00   -3.717155229E-09    3.456349015E+00   -3.427427055E-09
    7.012034803E+01   -3.859065911E+00   -2.960930235E-09    3.227366722E+00   -3.181695079E-09
    7.030884359E+01   -4.046495075E+00   -2.442926820E-09    3.000134836E+00   -3.380600116E-09
    7.049733915E+01   -4.212930976E+00   -2.341460253E-09    2.745746297E+00   -3.871333547E-09
    7.068583471E+01   -4.378729951E+00   -2.351552518E-09    2.463816853E+00   -4.095882431E-09
    7.087433026E+01   -4.537760956E+00   -2.112919949E-09    2.185252443E+00   -3.805832699E-09
    7.106282582E+01   -4.669980462E+00   -1.621756516E-09    1.934333102E+00   -3.396641609E-09
    7.125132138E+01   -4.766919496E+00   -1.163529454E-09    1.698854365E+00   -3.398341189E-09
    7.143981694E+01   -4.840341600E+00   -9.641884434E-10    1.446857743E+00   -3.800170575E-09
    7.162831250E+01   -4.907652642E+00   -9.494931461E-10    1.167978669E+00   -4.081430465E-09
    7.181680806E+01   -4.973206345E+00   -8.723369614E-10    8.864164104E-01   -3.881019975E-09
    7.200530362E+01   -5.026396225E+00   -5.980593420E-10    6.296169179E-01   -3.457298188E-09
    7.219379918E+01   -5.055256916E+00   -2.169100559E-10    3.936582083E-01   -3.340428936E-09
    7.238229474E+01   -5.059576359E+00    7.020358198E-11    1.492305833E-01   -3.656636116E-09
    7.257079030E+01   -5.050432570E+00    1.758192556E-10   -1.208800722E-01   -3.989725545E-09
    7.275928586E+01   -5.037726414E+00    2.080121866E-10   -4.009832029E-01   -3.922584901E-09
    7.294778142E+01   -5.019823127E+00    3.469521004E-10   -6.638807865E-01   -3.563416983E-09
    7.313627698E+01   -4.985445287E+00    6.628008244E-10   -9.055442134E-01   -3.380203212E-09
    7.332477253E+01   -4.925668284E+00    1.034963430E-09   -1.148950642E+00   -3.596582922E-09
    7.351326809E+01   -4.843495681E+00    1.285125852E-09   -1.414125264E+00   -3.929127238E-09
    7.370176365E+01   -4.750052540E+00    1.379015948E-09   -1.693477310E+00   -3.966333183E-09
    7.389025921E+01   -4.651245438E+00    1.474610935E-09   -1.962953441E+00   -3.689636531E-09
    7.407875477E+01   -4.539479560E+00    1.757093280E-09   -2.212605968E+00   -3.462090787E-09
    7.426725033E+01   -4.400703085E+00    2.214458236E-09   -2.457080554E+00   -3.545862733E-09
    7.445574589E+01   -4.229831392E+00    2.639215806E-09   -2.714796402E+00   -3.786125835E-09
    7.464424145E+01   -4.036109519E+00    2.872223591E-09   -2.983967701E+00   -3.832474231E-09
    7.483273701E+01   -3.830976017E+00    3.005758752E-09   -3.245423323E+00   -3.586382279E-09
    7.502123257E+01   -3.612197453E+00    3.289771020E-09   -3.485960075E+00   -3.284897310E-09
    7.520972813E+01   -3.364286570E+00    3.818303555E-09   -3.711177723E+00   -3.165091670E-09
    7.539822369E+01   -3.076147407E+00    4.396349214E-09   -3.933665360E+00   -3.174155526E-09
    7.558671925E+01   -2.754266075E+00    4.772417775E-09   -4.153984451E+00   -3.066636977E-09
    7.577521480E+01   -2.414065578E+00    4.958117599E-09   -4.358411799E+00   -2.722097619E-09
    7.596371036E+01   -2.059638265E+00    5.219416320E-09   -4.533236751E+00   -2.251331207E-09
    7.615220592E+01   -1.678226720E+00    5.722351091E-09   -4.675639885E+00   -1.814541022E-09
    7.634070148E+01   -1.257508256E+00    6.300124696E-09   -4.789786041E+00   -1.431066913E-09
    7.652919704E+01   -8.034891219E-01    6.654557736E-09   -4.876168584E+00   -9.945132320E-10
    7.671769260E+01   -3.353603251E-01    6.734377755E-09   -4.927601100E+00   -4.190235903E-10
    7.690618816E+01    1.357180274E-01    6.780817763E-09   -4.933766758E+00    2.919612981E-10
    7.709468372E+01    6.152739741E-01    6.977111347E-09   -4.887239224E+00    1.072426919E-09
    7.728317928E+01    1.110521180E+00    7.191116705E-09   -4.786417001E+00    1.839706336E-09
    7.747167484E+01    1.612716001E+00    7.150317593E-09   -4.634711031E+00    2.540381560E-09
    7.766017040E+01    2.100481808E+00    6.794490010E-09   -4.436425897E+00    3.192150150E-09
    7.784866596E+01    2.558163751E+00    6.318772100E-09   -4.192085199E+00    3.864651815E-09
    7.803716152E+01    2.984167486E+00    5.887973783E-09   -3.899414962E+00    4.556813110E-09
    7.822565707E+01    3.380767771E+00    5.446329503E-09   -3.561882306E+00    5.119005492E-09
    7.841415263E+01    3.741996626E+00    4.848744546E-09   -3.195592996E+00    5.363601061E-09
    7.860264819E+01    4.055736303E+00    4.087518427E-09   -2.824972340E+00    5.242115854E-09
    7.879114375E+01    4.315165190E+00    3.310257094E-09   -2.472563115E+00    4.830039747E-09
    7.897963931E+01    4.524722560E+00    2.666784695E-09   -2.158005545E+00    4.112635954E-09
    7.916813487E+01    4.695619182E+00    2.188608502E-09   -1.909493531E+00    2.876130815E-09
    7.935663043E+01    4.835626064E+00    1.746580256E-09   -1.772771334E+00    8.873869038E-10
    7.954512599E+01    4.936799369E+00    1.033898036E-09   -1.801211933E+00   -1.765504031E-09
    7.973362155E+01    4.967004062E+00   -2.764650140E-10   -2.022695438E+00   -4.412598833E-09
    7.992211711E+01    4.884892862E+00   -2.054810410E-09   -2.400921292E+00   -6.019482577E-09
    8.011061267E+01    4.682597048E+00   -3.548145676E-09   -2.839110163E+00   -6.100000825E-09
    8.029910823E+01    4.406007466E+00   -4.147015158E-09   -3.246637231E+00   -5.324124881E-09
    8.048760378E+01    4.110676037E+00   -4.211299834E-09   -3.604723043E+00   -4.848076342E-09
    8.067609934E+01    3.799818007E+00   -4.692664909E-09   -3.955680270E+00   -5.076051800E-09
    8.086459490E+01    3.424825587E+00   -5.954849013E-09   -4.328853963E+00   -5.304803707E-09
    8.105309046E+01    2.951665081E+00   -7.279479988E-09   -4.690844531E+00   -4.675873892E-09
    8.124158602E+01    2.414487718E+00   -7.668537676E-09   -4.977702993E+00   -3.283194262E-09
    8.143008158E+01    1.889410312E+00   -7.051849199E-09   -5.165868875E+00   -2.043853379E-09
    8.161857714E+01    1.414735305E+00   -6.433348444E-09   -5.291934874E+00   -1.557166452E-09
    8.180707270E+01    9.533838830E-01   -6.707163955E-09   -5.400508699E+00   -1.441709591E-09
    8.199556826E+01    4.454419790E-01   -7.579254611E-09   -5.488529375E+00   -8.898273824E-10
    8.218406382E+01   -1.120459381E-01   -7.929126782E-09   -5.513461764E+00    2.842580055E-10
    8.237255938E+01   -6.536048373E-01   -7.152556063E-09   -5.453153832E+00    1.386489144E-09
    8.256105494E+01   -1.115791961E+00   -5.886377744E-09   -5.339564681E+00    1.751371256E-09
    8.274955050E+01   -1.506212265E+00   -5.268153596E-09   -5.221313142E+00    1.613988556E-09
    8.293804605E+01   -1.889290234E+00   -5.604771899E-09   -5.105221503E+00    1.782592819E-09
    8.312654161E+01   -2.306486307E+00   -6.038547663E-09   -4.952546538E+00    2.605672833E-09
    8.331503717E+01   -2.726867513E+00   -5.614446867E-09   -4.733655316E+00    3.516863817E-09
    8.350353273E+01   -3.085477369E+00   -4.418581441E-09   -4.473260262E+00    3.717126770E-09
    8.369202829E+01   -3.360286710E+00   -3.425279774E-09   -4.226861672E+00    3.220367775E-09
    8.388052385E+01   -3.595422568E+00   -3.323935610E-09   -4.014758520E+00    2.883314435E-09
    8.406901941E+01   -3.846549294E+00   -3.736321082E-09   -3.798574111E+00    3.333372053E-09
    8.425751497E+01   -4.116038280E+00   -3.714207793E-09   -3.530922786E+00    4.192285345E-09
    8.444601053E+01   -4.354993010E+00   -2.910809233E-09   -3.217106826E+00    4.520445303E-09
    8.463450609E+01   -4.526439031E+00   -1.955914835E-09   -2.913654045E+00    3.958734884E-09
    8.482300165E+01   -4.649600093E+00   -1.624433451E-09   -2.662347196E+00    3.216967213E-09
    8.501149721E+01   -4.774066231E+00   -1.917391664E-09   -2.439499579E+00    3.227085877E-09
    8.519999277E+01   -4.920146441E+00   -2.111182099E-09   -2.185019596E+00    3.996638307E-09
    8.538848832E+01   -5.057907598E+00   -1.664209559E-09   -1.875784791E+00    4.607294137E-09
    8.557698388E+01   -5.148449534E+00   -8.811117970E-10   -1.554619749E+00    4.313561573E-09
    8.576547944E+01   -5.193728813E+00   -4.747454433E-10   -1.280124698E+00    3.443425563E-09
    8.595397500E+01   -5.232088561E+00   -6.531948646E-10   -1.056297338E+00    3.025514791E-09
    8.614247056E+01   -5.289487453E+00   -9.096322200E-10   -8.275109958E-01    3.543584719E-09
    8.633096612E+01   -5.348976643E+00   -6.709823643E-10   -5.454464097E-01    4.356830672E-09
    8.651946168E+01   -5.374300823E+00   -1.559928497E-11   -2.263325608E-01    4.488068129E-09
    8.670795724E+01   -5.357342844E+00    4.349787542E-10    6.928485140E-02    3.783449875E-09
    8.689645280E+01   -5.328017069E+00    3.434332668E-10    3.091446403E-01    3.086308059E-09
    8.708494836E+01   -5.314605115E+00    7.594044347E-11    5.276017023E-01    3.226675443E-09
    8.727344392E+01   -5.307613030E+00    2.153951643E-10    7.839388607E-01    4.025017876E-09
    8.746193948E+01   -5.271837430E+00    8.362762813E-10    1.091857309E+00    4.530761652E-09
    8.765043504E+01   -5.191003309E+00    1.395012927E-09    1.404897191E+00    4.173694246E-09
    8.783893059E+01   -5.089001014E+00    1.423467365E-09    1.673130853E+00    3.416128284E-09
    8.802742615E+01   -4.998671634E+00    1.153025204E-09    1.901995370E+00    3.175314286E-09
    8.821592171E+01   -4.918220979E+00    1.217696970E-09    2.143916346E+00    3.727684371E-09
    8.840441727E+01   -4.811507328E+00    1.859081323E-09    2.434549122E+00    4.395150520E-09
    8.859291283E+01   -4.651490479E+00    2.617335478E-09    2.751058819E+00    4.387259742E-09
    8.878140839E+01   -4.453911987E+00    2.875448996E-09    3.041127956E+00    3.738589750E-09
    8.896990395E+01   -4.257963047E+00    2.649570793E-09    3.284889795E+00    3.214022339E-09
    8.915839951E+01   -4.075475307E+00    2.600033168E-09    3.514999997E+00    3.369137507E-09
    8.934689507E+01   -3.873046715E+00    3.210818380E-09    3.773626133E+00    3.902487827E-09
    8.953539063E+01   -3.610344285E+00    4.188152643E-09    4.060096132E+00    4.046594487E-09
    8.972388619E+01   -3.288258000E+00    4.792591224E-09    4.331886438E+00    3.510325687E-09
    8.991238175E+01   -2.948607594E+00    4.724120670E-09    4.555189157E+00    2.790551578E-09
    9.010087730E+01   -2.623321183E+00    4.515391942E-09    4.740962797E+00    2.509086415E-09
    9.028937286E+01   -2.293919728E+00    4.896875187E-09    4.924275473E+00    2.657236474E-09
    9.047786842E+01   -1.912303022E+00    5.897175943E-09    5.115848973E+00    2.639321465E-09
    9.066636398E+01   -1.458496050E+00    6.791509614E-09    5.285633883E+00    2.024632805E-09
    9.085485954E+01   -9.664092171E-01    6.944134523E-09    5.397307026E+00    1.079725508E-09
    9.104335510E+01   -4.866831775E-01    6.553074908E-09    5.448875544E+00    3.960966595E-10
    9.123185066E+01   -2.991993826E-02    6.412094879E-09    5.467550885E+00    1.206213755E-10
    9.142034622E+01    4.418094114E-01    6.950490313E-09    5.467819687E+00   -2.057432163E-10
    9.160884178E+01    9.646071423E-01    7.706812040E-09    5.427596875E+00   -1.043350440E-09
    9.179733734E+01    1.523886242E+00    7.872127667E-09    5.312438929E+00   -2.245095991E-09
    9.198583290E+01    2.064713563E+00    7.230649676E-09    5.117835234E+00   -3.203776498E-09
    9.217432846E+01    2.547861916E+00    6.376927299E-09    4.875289952E+00   -3.612315390E-09
    9.236282402E+01    2.984749263E+00    5.983375648E-09    4.612781530E+00   -3.852050263E-09
    9.255131957E+01    3.411518352E+00    6.009178002E-09    4.320585394E+00   -4.482868622E-09
    9.273981513E+01    3.835393747E+00    5.780567034E-09    3.967369793E+00   -5.490999209E-09
    9.292831069E+01    4.217902639E+00    4.824414401E-09    3.548196958E+00   -6.223633138E-09
    9.311680625E+01    4.513202782E+00    3.420853029E-09    3.106375402E+00   -6.104268422E-09
    9.330530181E+01    4.712730018E+00    2.220866542E-09    2.701097268E+00   -5.282380694E-09
    9.349379737E+01    4.843371958E+00    1.473560384E-09    2.359589863E+00   -4.386312232E-09
    9.368229293E+01    4.926662555E+00    8.122723926E-10    2.074158616E+00   -3.658258362E-09
    9.387078849E+01    4.950654941E+00   -2.317086177E-10    1.848997669E+00   -2.558652155E-09
    9.405928405E+01    4.885135878E+00   -1.652462215E-09    1.738874131E+00   -3.560289271E-10
    9.424777961E+01    4.718948453E+00   -2.972663637E-09    1.824691078E+00    2.832179525E-09
    9.443627517E+01    4.479787119E+00   -3.689879393E-09    2.127648376E+00    5.534612619E-09
    9.462477073E+01    4.221555516E+00   -3.644227907E-09    2.549834262E+00    6.173539308E-09
    9.481326629E+01    3.978380003E+00   -3.460387223E-09    2.950051857E+00    5.156741292E-09
    9.500176184E+01    3.717910673E+00   -4.199713716E-09    3.274934873E+00    4.282177783E-09
    9.519025740E+01    3.367302119E+00   -5.875809422E-09    3.576927527E+00    4.495019649E-09
    9.537875296E+01    2.904451172E+00   -7.224539477E-09    3.910652539E+00    4.975056355E-09
    9.556724852E+01    2.398774222E+00   -7.146812778E-09    4.249769440E+00    4.532823386E-09
    9.575574408E+01    1.934326610E+00   -6.269567696E-09    4.524940752E+00    3.231358719E-09
    9.594423964E+01    1.507557364E+00   -6.190829058E-09    4.702602561E+00    1.893138533E-09
    9.613273520E+01    1.041002794E+00   -7.259583901E-09    4.803948983E+00    1.096841450E-09
    9.632123076E+01    4.978531211E-01   -8.148224374E-09    4.867672970E+00    7.335351002E-10
    9.650972632E+01   -5.917597669E-02   -7.640269983E-09    4.910414261E+00    3.918364513E-10
    9.669822188E+01   -5.449941357E-01   -6.307011434E-09    4.921455761E+00   -2.032757288E-10
    9.688671744E+01   -9.554346429E-01   -5.626767792E-09    4.877113207E+00   -1.128830921E-09
    9.707521300E+01   -1.359607837E+00   -6.030714540E-09    4.763899137E+00   -2.073598807E-09
    9.726370856E+01   -1.801207791E+00   -6.488414542E-09    4.598796327E+00   -2.580023201E-09
    9.745220411E+01   -2.242164917E+00   -5.957615128E-09    4.420242011E+00   -2.530344549E-09
    9.764069967E+01   -2.616971716E+00   -4.735265402E-09    4.251435035E+00   -2.400392045E-09
    9.782919523E+01   -2.914662923E+00   -3.891460381E-09    4.073827848E+00   -2.787955876E-09
    9.801769079E+01   -3.184148584E+00   -3.897111390E-09    3.850672140E+00   -3.590943050E-09
    9.820618635E+01   -3.468059848E+00   -4.153684225E-09    3.578243617E+00   -4.093806848E-09
    9.839468191E+01   -3.753273042E+00   -3.859234845E-09    3.297780749E+00   -3.853168507E-09
    9.858317747E+01   -3.995964453E+00   -3.011015129E-09    3.048785269E+00   -3.320971761E-09
    9.877167303E+01   -4.178243195E+00   -2.247725622E-09    2.820820700E+00   -3.312123344E-09
    9.896016859E+01   -4.325614531E+00   -2.033992681E-09    2.568132532E+00   -3.936845361E-09
    9.914866415E+01   -4.473028114E+00   -2.162589649E-09    2.270310022E+00   -4.468763212E-09
    9.933715971E+01   -4.625260427E+00   -2.093401649E-09    1.960513309E+00   -4.270080636E-09
    9.952565527E+01   -4.758146395E+00   -1.624613087E-09    1.684466383E+00   -3.625873012E-09
    9.971415082E+01   -4.850859645E+00   -1.023854018E-09    1.442992926E+00   -3.377547730E-09
    9.990264638E+01   -4.908568757E+00   -6.746495889E-10    1.192429243E+00   -3.832165216E-09
    1.000911419E+02   -4.954237168E+00   -6.507273563E-10    9.013674364E-01   -4.399337525E-09
    1.002796375E+02   -5.002377569E+00   -6.802559879E-10    5.903639542E-01   -4.356699823E-09
    1.004681331E+02   -5.045818328E+00   -4.898623354E-10    3.045066320E-01   -3.776798336E-09
    1.006566286E+02   -5.066219431E+00   -5.815413280E-11    5.574359399E-02   -3.407512767E-09
    1.008451242E+02   -5.054128336E+00    3.808489541E-10   -1.906946095E-01   -3.696394540E-09
    1.010336197E+02   -5.018570121E+00    5.961514224E-10   -4.708374301E-01   -4.252527226E-09
    1.012221153E+02   -4.976466958E+00    6.074678570E-10   -7.769530328E-01   -4.369048888E-09
    1.014106109E+02   -4.934184491E+00    6.505846301E-10   -1.069637757E+00   -3.930321839E-09
    1.015991064E+02   -4.880198283E+00    9.461234124E-10   -1.328843854E+00   -3.519821348E-09
    1.017876020E+02   -4.796650796E+00    1.447395612E-09   -1.577292406E+00   -3.640968529E-09
    1.019760975E+02   -4.678920001E+00    1.876122819E-09   -1.849248161E+00   -4.102647725E-09
    1.021645931E+02   -4.540753037E+00    2.040311664E-09   -2.146877424E+00   -4.296888705E-09
    1.023530887E+02   -4.397917079E+00    2.065054402E-09   -2.439510215E+00   -3.987770301E-09
    1.025415842E+02   -4.247948038E+00    2.281626577E-09   -2.703429668E+00   -3.565415669E-09
    1.027300798E+02   -4.070263022E+00    2.829364564E-09   -2.948839626E+00   -3.495702579E-09
    1.029185753E+02   -3.849121634E+00    3.461472207E-09   -3.202404257E+00   -3.743146848E-09
    1.031070709E+02   -3.592233897E+00    3.831695217E-09   -3.471112464E+00   -3.858430883E-09
    1.032955665E+02   -3.320888127E+00    3.925045208E-09   -3.733886060E+00   -3.574661858E-09
    1.034840620E+02   -3.042024818E+00    4.106482285E-09   -3.967825161E+00   -3.094574093E-09
    1.036725576E+02   -2.737278584E+00    4.659750590E-09   -4.171941731E+00   -2.762804832E-09
    1.038610531E+02   -2.384907154E+00    5.403890346E-09   -4.360811767E+00   -2.635058674E-09
    1.040495487E+02   -1.987663686E+00    5.903960975E-09   -4.540826722E+00   -2.458958550E-09
    1.042380442E+02   -1.570125642E+00    6.023601454E-09   -4.700181385E+00   -2.027105655E-09
    1.044265398E+02   -1.147978217E+00    6.104279751E-09   -4.821056006E+00   -1.384430382E-09
    1.046150354E+02   -7.097209922E-01    6.495747911E-09   -4.894493744E+00   -7.020496123E-10
    1.048035309E+02   -2.355380863E-01    7.074735083E-09   -4.922198878E+00   -7.878786144E-11
    1.049920265E+02    2.717760039E-01    7.396675668E-09   -4.908267956E+00    5.150044459E-10
    1.051805220E+02    7.852141823E-01    7.274366902E-09   -4.851979385E+00    1.161178969E-09
    1.053690176E+02    1.282439625E+00    6.991820934E-09   -4.746378803E+00    1.932405222E-09
    1.055575132E+02    1.765126750E+00    6.873468624E-09   -4.581971252E+00    2.824188203E-09
    1.057460087E+02    2.244392836E+00    6.847861753E-09   -4.354998456E+00    3.697097474E-09
    1.059345043E+02    2.714992525E+00    6.578780996E-09   -4.074144961E+00    4.363391389E-09
    1.061229998E+02    3.153515508E+00    5.933556975E-09   -3.756335495E+00    4.778114385E-09
    1.063114954E+02    3.540031140E+00    5.124383412E-09   -3.413864360E+00    5.084844258E-09
    1.064999910E+02    3.872722799E+00    4.405723672E-09   -3.049761699E+00    5.369810187E-09
    1.066884865E+02    4.160502202E+00    3.813731245E-09   -2.671071978E+00    5.439463283E-09
    1.068769821E+02    4.408641150E+00    3.238075868E-09   -2.304951304E+00    4.954644073E-09
    1.070654776E+02    4.615859438E+00    2.631010511E-09   -1.997143205E+00    3.746734891E-09
    1.072539732E+02    4.780752402E+00    2.028980154E-09   -1.796311957E+00    1.890335214E-09
    1.074424688E+02    4.902382518E+00    1.379140622E-09   -1.743706367E+00   -4.678107009E-10
    1.076309643E+02    4.968894144E+00    4.268592616E-10   -1.868324579E+00   -3.063878072E-09
    1.078194599E+02    4.949590866E+00   -1.039699512E-09   -2.167602556E+00   -5.252833052E-09
    1.080079554E+02    4.815185446E+00   -2.731166346E-09   -2.584242654E+00   -6.263070097E-09
    1.081964510E+02    4.574697489E+00   -3.949305905E-09   -3.025735717E+00   -6.004999010E-09
    1.083849465E+02    4.276727445E+00   -4.391605951E-09   -3.427167012E+00   -5.289169624E-09
    1.085734421E+02    3.960073624E+00   -4.600179851E-09   -3.790098228E+00   -4.996166136E-09
    1.087619377E+02    3.612092844E+00   -5.326333905E-09   -4.151402780E+00   -5.157870096E-09
    1.089504332E+02    3.190127391E+00   -6.585425061E-09   -4.518984493E+00   -5.036600446E-09
    1.091389288E+02    2.682756735E+00   -7.583763017E-09   -4.850159791E+00   -4.109992702E-09
    1.093274243E+02    2.137236672E+00   -7.635275571E-09   -5.096200164E+00   -2.749913442E-09
    1.095159199E+02    1.616716261E+00   -7.013078169E-09   -5.254880506E+00   -1.751992662E-09
    1.097044155E+02    1.135227543E+00   -6.668087054E-09   -5.365423652E+00   -1.371124052E-09
    1.098929110E+02    6.495757751E-01   -7.098435358E-09   -5.455839525E+00   -1.084478131E-09
    1.100814066E+02    1.195072493E-01   -7.754890607E-09   -5.509716275E+00   -3.030711704E-10
    1.102699021E+02   -4.360932873E-01   -7.710092311E-09   -5.491920611E+00    8.567974063E-10
    1.104583977E+02   -9.541176446E-01   -6.771856279E-09   -5.399337675E+00    1.709666546E-09
    1.106468933E+02   -1.395466226E+00   -5.720250843E-09   -5.270164553E+00    1.899383478E-09
    1.108353888E+02   -1.785648845E+00   -5.396555686E-09   -5.139045696E+00    1.860517289E-09
    1.110238844E+02   -2.179912832E+00   -5.726229825E-09   -4.997301061E+00    2.246763215E-09
    1.112123799E+02   -2.595368624E+00   -5.844303347E-09   -4.809047570E+00    3.100078659E-09
    1.114008755E+02   -2.991216061E+00   -5.160500986E-09   -4.562701319E+00    3.775191398E-09
    1.115893711E+02   -3.318563368E+00   -4.047379623E-09   -4.293394178E+00    3.740523898E-09
    1.117778666E+02   -3.577661787E+00   -3.355593803E-09   -4.045199484E+00    3.290612801E-09
    1.119663622E+02   -3.815024710E+00   -3.404707232E-09   -3.819074019E+00    3.207485166E-09
    1.121548577E+02   -4.067159165E+00   -3.641319917E-09   -3.573657424E+00    3.786980717E-09
    1.123433533E+02   -4.319558675E+00   -3.342443316E-09   -3.278706923E+00    4.470954514E-09
    1.125318489E+02   -4.528879490E+00   -2.497259157E-09   -2.955946058E+00    4.512205330E-09
    1.127203444E+02   -4.678180805E+00   -1.767004797E-09   -2.656834283E+00    3.897320139E-09
    1.129088400E+02   -4.796356276E+00   -1.641551311E-09   -2.401851794E+00    3.403143824E-09
    1.130973355E+02   -4.921561881E+00   -1.876477521E-09   -2.155822518E+00    3.656841848E-09
    1.132858311E+02   -5.056341307E+00   -1.828029806E-09   -1.870987831E+00    4.370016783E-09
    1.134743266E+02   -5.168333870E+00   -1.257289733E-09   -1.545310796E+00    4.691748895E-09
    1.136628222E+02   -5.233724430E+00   -6.079281359E-10   -1.225958036E+00    4.226084240E-09
    1.138513178E+02   -5.267328162E+00   -4.032322835E-10   -9.534808899E-01    3.516389878E-09
    1.140398133E+02   -5.302386831E+00   -5.917306728E-10   -7.130921364E-01    3.403277484E-09
    1.142283089E+02   -5.348919398E+00   -6.482270220E-10   -4.524354332E-01    4.008092151E-09
    1.144168044E+02   -5.382854939E+00   -2.360914547E-10   -1.442620578E-01    4.597125965E-09
    1.146053000E+02   -5.378047640E+00    3.682482407E-10    1.817752851E-01    4.471610602E-09
    1.147937956E+02   -5.340361837E+00    6.402453158E-10    4.752539866E-01    3.790936345E-09
    1.149822911E+02   -5.299458583E+00    4.999896625E-10    7.252044885E-01    3.372365647E-09
    1.151707867E+02   -5.269753091E+00    4.022666655E-10    9.726260947E-01    3.711124964E-09
    1.153592822E+02   -5.231554549E+00    7.541796900E-10    1.260952925E+00    4.393495443E-09
    1.155477778E+02   -5.155384255E+00    1.404400825E-09    1.584849538E+00    4.614622033E-09
    1.157362734E+02   -5.039212845E+00    1.817547339E-09    1.898142586E+00    4.141624889E-09
    1.159247689E+02   -4.911241392E+00    1.763655984E-09    2.169357126E+00    3.559722041E-09
    1.161132645E+02   -4.792897520E+00    1.632640194E-09    2.417697513E+00    3.552798795E-09
    1.163017600E+02   -4.669479002E+00    1.943587275E-09    2.687867017E+00    4.091508373E-09
    1.164902556E+02   -4.506113403E+00    2.696843252E-09    2.995593481E+00    4.489463116E-09
    1.166787512E+02   -4.289522878E+00    3.355577710E-09    3.309491472E+00    4.245697992E-09
    1.168672467E+02   -4.044565481E+00    3.493167077E-09    3.589194956E+00    3.621758403E-09
    1.170557423E+02   -3.803171193E+00    3.346433147E-09    3.831436557E+00    3.278028612E-09
    1.172442378E+02   -3.562579967E+00    3.544182893E-09    4.069151491E+00    3.468117515E-09
    1.174327334E+02   -3.285755709E+00    4.329231004E-09    4.327565850E+00    3.755405692E-09
    1.176212290E+02   -2.944497394E+00    5.248433762E-09    4.591550448E+00    3.564451429E-09
    1.178097245E+02   -2.553467989E+00    5.676047894E-09    4.822810236E+00    2.881157096E-09
    1.179982201E+02   -2.153685812E+00    5.562792906E-09    5.003530668E+00    2.224946782E-09
    1.181867156E+02   -1.763600671E+00    5.511598118E-09    5.151509766E+00    1.970003462E-09
    1.183752112E+02   -1.356742722E+00    6.048757853E-09    5.290433431E+00    1.896751582E-09
    1.185637067E+02   -8.941991302E-01    6.973079083E-09    5.414636162E+00    1.490210115E-09
    1.187522023E+02   -3.733717652E-01    7.578340101E-09    5.491901982E+00    5.953411471E-10
    1.189406979E+02    1.649578857E-01    7.471643899E-09    5.499951841E+00   -3.864397869E-10
    1.191291934E+02    6.795916605E-01    7.019225155E-09    5.449635010E+00   -1.023051675E-09
    1.193176890E+02    1.171084488E+00    6.894152554E-09    5.365037326E+00   -1.406059773E-09
    1.195061845E+02    1.673149609E+00    7.261941400E-09    5.247414901E+00   -2.011410865E-09
    1.196946801E+02    2.204090547E+00    7.580138130E-09    5.070038978E+00   -3.067381543E-09
    1.198831757E+02    2.736593394E+00    7.245794296E-09    4.811246693E+00   -4.218088076E-09
    1.200716712E+02    3.221134226E+00    6.294515211E-09    4.485099614E+00   -4.914314451E-09
    1.202601668E+02    3.633636321E+00    5.319956762E-09    4.130053429E+00   -5.077491946E-09
    1.204486623E+02    3.990762134E+00    4.753192543E-09    3.768266080E+00   -5.179672532E-09
    1.206371579E+02    4.317400951E+00    4.381925191E-09    3.387464954E+00   -5.608004639E-09
    1.208256535E+02    4.607667134E+00    3.654534996E-09    2.970028667E+00   -6.109035997E-09
    1.210141490E+02    4.825705868E+00    2.368067717E-09    2.535495519E+00   -5.989439934E-09
    1.212026446E+02    4.942235698E+00    8.821634950E-10    2.146490126E+00   -4.826961106E-09
    1.213911401E+02    4.960011714E+00   -3.569015834E-10    1.871951440E+00   -2.843377782E-09
    1.215796357E+02    4.901349267E+00   -1.278248097E-09    1.751668030E+00   -5.400410345E-10
    1.217681313E+02    4.782700184E+00   -2.069522659E-09    1.795752921E+00    1.773222249E-09
    1.219566268E+02    4.609861105E+00   -2.814377766E-09    1.996182093E+00    3.843620618E-09
    1.221451224E+02    4.390034915E+00   -3.422423018E-09    2.319068534E+00    5.205654679E-09
    1.223336179E+02    4.135776030E+00   -3.857716781E-09    2.701202369E+00    5.564123284E-09
    1.225221135E+02    3.851940900E+00   -4.335905741E-09    3.081387021E+00    5.256097153E-09
    1.227106090E+02    3.524483050E+00   -5.115204967E-09    3.435392636E+00    4.894435684E-09
    1.228991046E+02    3.134242324E+00   -6.077086660E-09    3.770167975E+00    4.691429900E-09
    1.230876002E+02    2.684979238E+00   -6.759656502E-09    4.088663367E+00    4.367686835E-09
    1.232760957E+02    2.207863611E+00   -6.904814847E-09    4.372366374E+00    3.674064122E-09
    1.234645913E+02    1.731083527E+00   -6.819670353E-09    4.597592119E+00    2.727651594E-09
    1.236530868E+02    1.252810323E+00   -6.964404503E-09    4.756105849E+00    1.805618872E-09
    1.238415824E+02    7.547451967E-01   -7.322056748E-09    4.856017496E+00    1.055270641E-09
    1.240300780E+02    2.377696658E-01   -7.437517700E-09    4.909114547E+00    4.372125382E-10
    1.242185735E+02   -2.696053179E-01   -7.054432353E-09    4.921101345E+00   -1.501485541E-10
    1.244070691E+02   -7.409645538E-01   -6.466236649E-09    4.890536424E+00   -7.834438953E-10
    1.245955646E+02   -1.178442315E+00   -6.109150605E-09    4.813162629E+00   -1.463998407E-09
    1.247840602E+02   -1.601766456E+00   -6.013072503E-09    4.689456757E+00   -2.077485465E-09
    1.249725558E+02   -2.017348851E+00   -5.824831086E-09    4.529850578E+00   -2.484124060E-09
    1.251610513E+02   -2.408611291E+00   -5.311657982E-09    4.349815554E+00   -2.685858580E-09
    1.253495469E+02   -2.757217909E+00   -4.650316357E-09    4.157269658E+00   -2.866850347E-09
    1.255380424E+02   -3.064599236E+00   -4.163866122E-09    3.946863137E+00   -3.186621365E-09
    1.257265380E+02   -3.347376940E+00   -3.923888090E-09    3.710584435E+00   -3.565286649E-09
    1.259150336E+02   -3.615855717E+00   -3.708919488E-09    3.452763833E+00   -3.774426690E-09
    1.261035291E+02   -3.863602025E+00   -3.317109148E-09    3.189565522E+00   -3.735327027E-09
    1.262920247E+02   -4.078651271E+00   -2.802349690E-09    2.932257279E+00   -3.642831948E-09
    1.264805202E+02   -4.259418969E+00   -2.368557048E-09    2.675428207E+00   -3.728068540E-09
    1.266690158E+02   -4.416239863E+00   -2.116036014E-09    2.406071220E+00   -3.963534422E-09
    1.268575114E+02   -4.559259273E+00   -1.945928522E-09    2.122262242E+00   -4.102998883E-09
    1.270460069E+02   -4.688527962E+00   -1.704505155E-09    1.837280589E+00   -4.003125377E-09
    1.272345025E+02   -4.796909388E+00   -1.359648058E-09    1.563790075E+00   -3.813701547E-09
    1.274229980E+02   -4.880097520E+00   -1.009477536E-09    1.298595055E+00   -3.785760325E-09
    1.276114936E+02   -4.941769056E+00   -7.561072235E-10    1.027605443E+00   -3.952567041E-09
    1.277999891E+02   -4.989379863E+00   -5.959578961E-10    7.443215492E-01   -4.096511614E-09
    1.279884847E+02   -5.026507505E+00   -4.383337590E-10    4.580338486E-01   -4.033677961E-09
    1.281769803E+02   -5.050185099E+00   -2.079964282E-10    1.816448354E-01   -3.847795113E-09
    1.283654758E+02   -5.055021393E+00    8.552739652E-11   -8.471239167E-02   -3.774571092E-09
    1.285539714E+02   -5.039167359E+00    3.661583672E-10   -3.533621959E-01   -3.899027888E-09
    1.287424669E+02   -5.006089978E+00    5.755491323E-10   -6.331941970E-01   -4.056760391E-09
    1.289309625E+02   -4.960559590E+00    7.355167923E-10   -9.188356257E-01   -4.051663180E-09
    1.291194581E+02   -4.903170649E+00    9.275030774E-10   -1.198212250E+00   -3.902841070E-09
    1.293079536E+02   -4.829085701E+00    1.209761487E-09   -1.467936875E+00   -3.805448969E-09
    1.294964492E+02   -4.732586513E+00    1.551222174E-09   -1.736754443E+00   -3.873813441E-09
    1.296849447E+02   -4.612784488E+00    1.863343546E-09   -2.013535237E+00   -4.003052087E-09
    1.298734403E+02   -4.473898422E+00    2.102938921E-09   -2.295786271E+00   -4.012236456E-09
    1.300619359E+02   -4.319287095E+00    2.330615221E-09   -2.572913831E+00   -3.871551476E-09
    1.302504314E+02   -4.145873883E+00    2.648321716E-09   -2.838891521E+00   -3.719997694E-09
    1.304389270E+02   -3.945980472E+00    3.075153406E-09   -3.097727748E+00   -3.672203663E-09
    1.306274225E+02   -3.715092663E+00    3.516151267E-09   -3.355715584E+00   -3.675431577E-09
    1.308159181E+02   -3.456226654E+00    3.874142068E-09   -3.611349764E+00   -3.586999907E-09
    1.310044137E+02   -3.175039595E+00    4.173359030E-09   -3.855496586E+00   -3.352467331E-09
    1.311929092E+02   -2.871366164E+00    4.533545897E-09   -4.080183006E+00   -3.049493838E-09
    1.313814048E+02   -2.538132432E+00    5.012687267E-09   -4.284079172E+00   -2.766086499E-09
    1.315699003E+02   -2.169715968E+00    5.520176909E-09   -4.468764950E+00   -2.489465825E-09
    1.317583959E+02   -1.769345154E+00    5.920665419E-09   -4.631921547E+00   -2.135557100E-09
    1.319468915E+02   -1.345827887E+00    6.199824171E-09   -4.766008624E+00   -1.654908894E-09
    1.321353870E+02   -9.038012124E-01    6.470544027E-09   -4.862624953E+00   -1.071626135E-09
    1.323238826E+02   -4.405865082E-01    6.804972260E-09   -4.916389330E+00   -4.358378718E-10
    1.325123781E+02    4.595880420E-02    7.119609049E-09   -4.924869445E+00    2.267434226E-10
    1.327008737E+02    5.490684850E-01    7.269178957E-09   -4.886345906E+00    9.194058705E-10
    1.328893692E+02    1.055299981E+00    7.220378109E-09   -4.798214286E+00    1.655967593E-09
    1.330778648E+02    1.553953880E+00    7.068077456E-09   -4.656905158E+00    2.443109574E-09
    1.332663604E+02    2.040903872E+00    6.883284642E-09   -4.459566957E+00    3.252877417E-09
    1.334548559E+02    2.512635622E+00    6.613702244E-09   -4.207255588E+00    4.008320765E-09
    1.336433515E+02    2.959796363E+00    6.164780192E-09   -3.906999287E+00    4.623162896E-09
    1.338318470E+02    3.369234138E+00    5.533613006E-09   -3.569947061E+00    5.063252783E-09
    1.340203426E+02    3.731352223E+00    4.815570025E-09   -3.207666885E+00    5.337332137E-09
    1.342088382E+02    4.043659524E+00    4.104866557E-09   -2.832422738E+00    5.406262383E-09
    1.343973337E+02    4.308245434E+00    3.437642188E-09   -2.462885627E+00    5.130332802E-09
    1.345858293E+02    4.528499422E+00    2.824353545E-09   -2.129340725E+00    4.330577674E-09
    1.347743248E+02    4.708535546E+00    2.277824373E-09   -1.873089754E+00    2.881984003E-09
    1.349628204E+02    4.851490997E+00    1.744161355E-09   -1.741652754E+00    7.520633075E-10
    1.351513160E+02    4.950509770E+00    9.854634037E-10   -1.780350664E+00   -1.907322726E-09
    1.353398115E+02    4.977411971E+00   -3.170145166E-10   -2.010449095E+00   -4.516981395E-09
    1.355283071E+02    4.893074047E+00   -2.083050397E-09   -2.396113067E+00   -6.133055423E-09
    1.357168026E+02    4.687762428E+00   -3.613850885E-09   -2.844160471E+00   -6.262262648E-09
    1.359052982E+02    4.403785770E+00   -4.289589532E-09   -3.264246239E+00   -5.501282907E-09
    1.360937938E+02    4.096324224E+00   -4.400553980E-09   -3.633269381E+00   -4.965027158E-09
    1.362822893E+02    3.772610232E+00   -4.857077891E-09   -3.989242044E+00   -5.098795450E-09
    1.364707849E+02    3.388050222E+00   -6.062722447E-09   -4.361894360E+00   -5.275766465E-09
    1.366592804E+02    2.908079880E+00   -7.373827396E-09   -4.722077857E+00   -4.659033725E-09
    1.368477760E+02    2.362499879E+00   -7.814872488E-09   -5.008699313E+00   -3.286986262E-09
    1.370362715E+02    1.824684359E+00   -7.253927921E-09   -5.196541987E+00   -2.019722279E-09
    1.372247671E+02    1.335687640E+00   -6.619167209E-09   -5.318703470E+00   -1.466727048E-09
    1.374132627E+02    8.639181217E-01   -6.810116919E-09   -5.418989430E+00   -1.303187573E-09
    1.376017582E+02    3.513652901E-01   -7.615771458E-09   -5.497098885E+00   -7.546166203E-10
    1.377902538E+02   -2.087646370E-01   -7.977812474E-09   -5.513355368E+00    3.951581459E-10
    1.379787493E+02   -7.560476243E-01   -7.262117705E-09   -5.445106886E+00    1.505756279E-09
    1.381672449E+02   -1.227381811E+00   -6.018477800E-09   -5.321585851E+00    1.914061889E-09
    1.383557405E+02   -1.625536407E+00   -5.341013328E-09   -5.190571773E+00    1.806298446E-09
    1.385442360E+02   -2.010557506E+00   -5.589191055E-09   -5.061200060E+00    1.959986316E-09
    1.387327316E+02   -2.425100249E+00   -5.991874247E-09   -4.897222825E+00    2.748927799E-09
    1.389212271E+02   -2.843502231E+00   -5.611273483E-09   -4.668451300E+00    3.658600827E-09
    1.391097227E+02   -3.204011811E+00   -4.466161662E-09   -4.396529569E+00    3.901784647E-09
    1.392982183E+02   -3.482306709E+00   -3.460788872E-09   -4.135488398E+00    3.441219648E-09
    1.394867138E+02   -3.717670884E+00   -3.289001340E-09   -3.908064224E+00    3.086718791E-09
    1.396752094E+02   -3.964026631E+00   -3.644078243E-09   -3.679248939E+00    3.487344479E-09
    1.398637049E+02   -4.226954144E+00   -3.630825847E-09   -3.401647325E+00    4.327689768E-09
    1.400522005E+02   -4.461709009E+00   -2.874557479E-09   -3.076910671E+00    4.698125288E-09
    1.402406961E+02   -4.631625760E+00   -1.937774592E-09   -2.758510984E+00    4.195707967E-09
    1.404291916E+02   -4.752503737E+00   -1.568490020E-09   -2.489760662E+00    3.459536769E-09
    1.406176872E+02   -4.870946848E+00   -1.803832745E-09   -2.251483439E+00    3.415757750E-09
    1.408061827E+02   -5.007940746E+00   -1.975405264E-09   -1.985490728E+00    4.141077655E-09
    1.409946783E+02   -5.136716991E+00   -1.549528870E-09   -1.665492806E+00    4.776336129E-09
    1.411831739E+02   -5.220014416E+00   -7.857601965E-10   -1.329652718E+00    4.556256353E-09
    1.413716694E+02   -5.258212750E+00   -3.618151373E-10   -1.035939838E+00    3.728549457E-09
    1.415601650E+02   -5.287129217E+00   -4.959464016E-10   -7.927686944E-01    3.274731339E-09
    1.417486605E+02   -5.332009711E+00   -7.157983942E-10   -5.487635166E-01    3.726889626E-09
    1.419371561E+02   -5.377331332E+00   -4.676508178E-10   -2.545179802E-01    4.529084062E-09
    1.421256516E+02   -5.388241053E+00    1.897202971E-10    7.890186220E-02    4.723690154E-09
    1.423141472E+02   -5.356142265E+00    6.617031459E-10    3.941436525E-01    4.089752317E-09
    1.425026428E+02   -5.309535353E+00    6.077874970E-10    6.562917382E-01    3.391331372E-09
    1.426911383E+02   -5.276130692E+00    3.769200738E-10    8.940715707E-01    3.460674084E-09
    1.428796339E+02   -5.246799106E+00    5.454995275E-10    1.164693260E+00    4.202531932E-09
    1.430681294E+02   -5.186567322E+00    1.198053618E-09    1.485619845E+00    4.729329215E-09
    1.432566250E+02   -5.078460685E+00    1.804308060E-09    1.815344698E+00    4.440201303E-09
    1.434451206E+02   -4.945569106E+00    1.885064975E-09    2.104157631E+00    3.710757233E-09
    1.436336161E+02   -4.821204262E+00    1.651171331E-09    2.352416935E+00    3.411006966E-09
    1.438221117E+02   -4.704535032E+00    1.744138131E-09    2.607587927E+00    3.864214242E-09
    1.440106072E+02   -4.559032368E+00    2.431510870E-09    2.905711551E+00    4.478073748E-09
    1.441991028E+02   -4.355765086E+00    3.266166539E-09    3.228535856E+00    4.483393037E-09
    1.443875984E+02   -4.108968557E+00    3.608885680E-09    3.526611161E+00    3.852817498E-09
    1.445760939E+02   -3.858943348E+00    3.432179647E-09    3.777531268E+00    3.278183117E-09
    1.447645895E+02   -3.620604269E+00    3.389427278E-09    4.008217908E+00    3.305733688E-09
    1.449530850E+02   -3.361965533E+00    4.011223340E-09    4.257352503E+00    3.696804312E-09
    1.451415806E+02   -3.040597028E+00    5.045486445E-09    4.525710306E+00    3.744506551E-09
    1.453300762E+02   -2.654242206E+00    5.738781729E-09    4.774170836E+00    3.148169756E-09
    1.455185717E+02   -2.244763836E+00    5.725215010E-09    4.969622072E+00    2.348682845E-09
    1.457070673E+02   -1.848874693E+00    5.483323137E-09    5.119883962E+00    1.927988770E-09
    1.458955628E+02   -1.453884345E+00    5.769287541E-09    5.255721849E+00    1.886510933E-09
    1.460840584E+02   -1.013219078E+00    6.690169277E-09    5.385845141E+00    1.675768453E-09
    1.462725540E+02   -5.038893387E-01    7.557689510E-09    5.481434473E+00    8.996079424E-10
    1.464610495E+02    4.264942394E-02    7.687558068E-09    5.508532048E+00   -1.789421162E-10
    1.466495451E+02    5.726761210E-01    7.188203218E-09    5.466691763E+00   -9.821920932E-10
    1.468380406E+02    1.067389885E+00    6.813153741E-09    5.383768453E+00   -1.370228551E-09
    1.470265362E+02    1.557378026E+00    7.050114982E-09    5.274511455E+00   -1.803067024E-09
    1.472150317E+02    2.077611752E+00    7.534068955E-09    5.117545164E+00   -2.727830672E-09
    1.474035273E+02    2.617351487E+00    7.487621513E-09    4.880598969E+00   -3.973345592E-09
    1.475920229E+02    3.124393974E+00    6.639614166E-09    4.563497146E+00   -4.899573465E-09
    1.477805184E+02    3.556901311E+00    5.509013589E-09    4.204752350E+00   -5.161231987E-09
    1.479690140E+02    3.920081835E+00    4.754401049E-09    3.841095347E+00   -5.129777338E-09
    1.481575095E+02    4.246296239E+00    4.409960314E-09    3.470557294E+00   -5.395336886E-09
    1.483460051E+02    4.545824545E+00    3.899977030E-09    3.067350980E+00   -5.967164280E-09
    1.485345007E+02    4.787942697E+00    2.772217272E-09    2.632306043E+00   -6.160989566E-09
    1.487229962E+02    4.932358831E+00    1.229691885E-09    2.219427583E+00   -5.297058037E-09
    1.489114918E+02    4.969022243E+00   -1.768213761E-10    1.907910144E+00   -3.376966142E-09
    1.490999873E+02    4.919277835E+00   -1.189352065E-09    1.753588369E+00   -9.599913237E-10
    1.492884829E+02    4.807548073E+00   -1.950630789E-09    1.771721354E+00    1.442823117E-09
    1.494769785E+02    4.645364015E+00   -2.634350129E-09    1.949434996E+00    3.523554200E-09
    1.496654740E+02    4.438404292E+00   -3.242781064E-09    2.251309362E+00    4.940269522E-09
    1.498539696E+02    4.194085861E+00   -3.747440918E-09    2.620494305E+00    5.467332185E-09
    1.500424651E+02    3.915590807E+00   -4.275388187E-09    3.000547190E+00    5.335378120E-09
    1.502309607E+02    3.593461797E+00   -5.011576890E-09    3.362935552E+00    5.033256004E-09
    1.504194563E+02    3.213518564E+00   -5.894344641E-09    3.706226276E+00    4.789346273E-09
    1.506079518E+02    2.777308762E+00   -6.586041796E-09    4.030229553E+00    4.438192864E-09
    1.507964474E+02    2.308237878E+00   -6.851512609E-09    4.319846076E+00    3.784672215E-09
    1.509849429E+02    1.830997966E+00   -6.871235170E-09    4.554951231E+00    2.900074432E-09
    1.511734385E+02    1.349230876E+00   -6.999547907E-09    4.726739879E+00    2.004209395E-09
    1.513619340E+02    8.517570679E-01   -7.276908472E-09    4.840024178E+00    1.232105081E-09
    1.515504296E+02    3.388434709E-01   -7.385714855E-09    4.903935284E+00    5.710304954E-10
    1.517389252E+02   -1.680187553E-01   -7.099940652E-09    4.923829826E+00   -5.032219743E-11
    1.519274207E+02   -6.460388117E-01   -6.601065869E-09    4.899892846E+00   -6.875685004E-10
    1.521159163E+02   -1.092918900E+00   -6.230451929E-09    4.830076208E+00   -1.345367573E-09
    1.523044118E+02   -1.521958440E+00   -6.057884976E-09    4.715391046E+00   -1.946694842E-09
    1.524929074E+02   -1.939135939E+00   -5.840733037E-09    4.564055219E+00   -2.385301686E-09
    1.526814030E+02   -2.333059278E+00   -5.381117694E-09    4.388731705E+00   -2.647741229E-09
    1.528698985E+02   -2.688908101E+00   -4.782220877E-09    4.197452208E+00   -2.860287021E-09
    1.530583941E+02   -3.005771431E+00   -4.291888543E-09    3.988295850E+00   -3.153764470E-09
    1.532468896E+02   -3.295547347E+00   -3.994040905E-09    3.755971974E+00   -3.492311251E-09
    1.534353852E+02   -3.567265409E+00   -3.740405495E-09    3.503294518E+00   -3.711044565E-09
    1.536238808E+02   -3.817577579E+00   -3.367320713E-09    3.242490476E+00   -3.732072015E-09
    1.538123763E+02   -4.037634913E+00   -2.893784390E-09    2.983596169E+00   -3.682833861E-09
    1.540008719E+02   -4.225419141E+00   -2.469502149E-09    2.724488610E+00   -3.745781891E-09
    1.541893674E+02   -4.388332631E+00   -2.184591114E-09    2.455907869E+00   -3.927711878E-09
    1.543778630E+02   -4.534767450E+00   -1.978578204E-09    2.175406105E+00   -4.055505075E-09
    1.545663586E+02   -4.665961272E+00   -1.733403148E-09    1.892217668E+00   -4.004182059E-09
    1.547548541E+02   -4.777121474E+00   -1.411958095E-09    1.616707942E+00   -3.863430771E-09
    1.549433497E+02   -4.864774780E+00   -1.080319084E-09    1.348093321E+00   -3.824524302E-09
    1.551318452E+02   -4.931302461E+00   -8.187111096E-10    1.076294018E+00   -3.937539672E-09
    1.553203408E+02   -4.982430625E+00   -6.333122664E-10    7.953457627E-01   -4.054614409E-09
    1.555088364E+02   -5.021468949E+00   -4.596298436E-10    5.110629263E-01   -4.025045896E-09
    1.556973319E+02   -5.046758493E+00   -2.364576911E-10    2.334117567E-01   -3.888215949E-09
    1.558858275E+02   -5.054329453E+00    3.666342760E-11   -3.618862852E-02   -3.817560171E-09
    1.560743230E+02   -5.042424688E+00    3.066207424E-10   -3.063505603E-01   -3.896983323E-09
    1.562628186E+02   -5.013260655E+00    5.265422961E-10   -5.845787209E-01   -4.020372469E-09
    1.564513141E+02   -4.970413813E+00    7.065700182E-10   -8.680522458E-01   -4.033567469E-09
    1.566398097E+02   -4.914664888E+00    9.054040243E-10   -1.147780035E+00   -3.929428588E-09
    1.568283053E+02   -4.842615644E+00    1.171510485E-09   -1.420139542E+00   -3.846221082E-09
    1.570168008E+02   -4.749691588E+00    1.489914033E-09   -1.690869304E+00   -3.883657119E-09
    1.572052964E+02   -4.634515951E+00    1.797068135E-09   -1.967009160E+00   -3.979502740E-09
    1.573937919E+02   -4.499688108E+00    2.054555555E-09   -2.247615355E+00   -3.995681432E-09
    1.575822875E+02   -4.347719969E+00    2.299839192E-09   -2.524860602E+00   -3.892097483E-09
    1.577707831E+02   -4.176588389E+00    2.609617295E-09   -2.793246640E+00   -3.762537376E-09
    1.579592786E+02   -3.980411923E+00    3.008021947E-09   -3.054725444E+00   -3.700685340E-09
    1.581477742E+02   -3.754997268E+00    3.431610908E-09   -3.313796515E+00   -3.679933142E-09
    1.583362697E+02   -3.501691574E+00    3.802960314E-09   -3.569626683E+00   -3.593426246E-09
    1.585247653E+02   -3.224494294E+00    4.127921683E-09   -3.815150212E+00   -3.387350661E-09
    1.587132609E+02   -2.923703233E+00    4.491194891E-09   -4.043281172E+00   -3.109976914E-09
    1.589017564E+02   -2.594267595E+00    4.944886398E-09   -4.251652126E+00   -2.829806987E-09
    1.590902520E+02   -2.231481032E+00    5.431067687E-09   -4.440502070E+00   -2.544881213E-09
    1.592787475E+02   -1.837044246E+00    5.844231840E-09   -4.607495880E+00   -2.193127728E-09
    1.594672431E+02   -1.417625237E+00    6.157620183E-09   -4.746158354E+00   -1.730779442E-09
    1.596557387E+02   -9.777542374E-01    6.445738454E-09   -4.848889412E+00   -1.170325877E-09
    1.598442342E+02   -5.166045001E-01    6.768168140E-09   -4.910152401E+00   -5.495729223E-10
    1.600327298E+02   -3.315342315E-02    7.071084330E-09   -4.926772791E+00    1.087639470E-10
    1.602212253E+02    4.671059912E-01    7.240528090E-09   -4.896380382E+00    8.036079913E-10
    1.604097209E+02    9.728264612E-01    7.234396696E-09   -4.816202950E+00    1.541577985E-09
    1.605982165E+02    1.473665967E+00    7.112917636E-09   -4.683007253E+00    2.323596823E-09
    1.607867120E+02    1.964010383E+00    6.933707752E-09   -4.494320374E+00    3.125722100E-09
    1.609752076E+02    2.439229211E+00    6.665825892E-09   -4.250829799E+00    3.885872714E-09
    1.611637031E+02    2.890586865E+00    6.237140289E-09   -3.958243506E+00    4.528169320E-09
    1.613521987E+02    3.306142930E+00    5.638116130E-09   -3.626388619E+00    5.009468141E-09
    1.615406942E+02    3.676322045E+00    4.940592553E-09   -3.266576400E+00    5.320618137E-09
    1.617291898E+02    3.997327953E+00    4.227625743E-09   -2.891485848E+00    5.422530208E-09
    1.619176854E+02    4.269864070E+00    3.543376909E-09   -2.519307738E+00    5.198108517E-09
    1.621061809E+02    4.496751522E+00    2.911077720E-09   -2.178247614E+00    4.487535909E-09
    1.622946765E+02    4.682349300E+00    2.353733461E-09   -1.907044666E+00    3.158864807E-09
    1.624831720E+02    4.830976161E+00    1.835775306E-09   -1.751963609E+00    1.147354360E-09
    1.626716676E+02    4.938602842E+00    1.144630705E-09   -1.760179097E+00   -1.454703296E-09
    1.628601632E+02    4.980371940E+00   -5.965103025E-11   -1.960179500E+00   -4.149054161E-09
    1.630486587E+02    4.915941849E+00   -1.797343105E-09   -2.327267362E+00   -5.994900929E-09
    1.632371543E+02    4.727611167E+00   -3.434376323E-09   -2.773919009E+00   -6.346013286E-09
    1.634256498E+02    4.450887311E+00   -4.253241478E-09   -3.202792600E+00   -5.634351330E-09
    1.636141454E+02    4.144458201E+00   -4.383430569E-09   -3.577863239E+00   -4.991771685E-09
    1.638026410E+02    3.825887859E+00   -4.722854410E-09   -3.932077783E+00   -5.042975856E-09
    1.639911365E+02    3.454971176E+00   -5.834789830E-09   -4.302452912E+00   -5.293081768E-09
    1.641796321E+02    2.989618106E+00   -7.217101248E-09   -4.669459693E+00   -4.834014588E-09
    1.643681276E+02    2.448561518E+00   -7.843876792E-09   -4.971588460E+00   -3.524809901E-09
    1.645566232E+02    1.903948179E+00   -7.387621277E-09   -5.173762461E+00   -2.167871437E-09
    1.647451188E+02    1.407615092E+00   -6.669352655E-09   -5.302043984E+00   -1.499061314E-09
    1.649336143E+02    9.381223952E-01   -6.707174433E-09   -5.403940265E+00   -1.336350655E-09
    1.651221099E+02    4.347897088E-01   -7.492097284E-09   -5.487992638E+00   -8.937617331E-10
    1.653106054E+02   -1.214129422E-01   -8.007428290E-09   -5.516966603E+00    1.932972927E-10
    1.654991010E+02   -6.772114581E-01   -7.452725635E-09   -5.460972652E+00    1.379216721E-09
    1.656875966E+02   -1.162954829E+00   -6.200810616E-09   -5.341778415E+00    1.913136277E-09
    1.658760921E+02   -1.568773173E+00   -5.366708512E-09   -5.209299212E+00    1.829200722E-09
    1.660645877E+02   -1.950765499E+00   -5.503246722E-09   -5.081469107E+00    1.887040467E-09
    1.662530832E+02   -2.360599800E+00   -5.972593778E-09   -4.926167133E+00    2.593633020E-09
    1.664415788E+02   -2.783397780E+00   -5.751996050E-09   -4.707259993E+00    3.555865755E-09
    1.666300743E+02   -3.157105165E+00   -4.668953413E-09   -4.437556639E+00    3.939509286E-09
    1.668185699E+02   -3.446876429E+00   -3.561166620E-09   -4.170868543E+00    3.539507297E-09
    1.670070655E+02   -3.684020194E+00   -3.249014334E-09   -3.939190378E+00    3.093859565E-09
    1.671955610E+02   -3.926105533E+00   -3.589908754E-09   -3.714750078E+00    3.369868815E-09
    1.673840566E+02   -4.189015387E+00   -3.694644203E-09   -3.446346435E+00    4.211785583E-09
    1.675725521E+02   -4.432297096E+00   -3.034064948E-09   -3.125222716E+00    4.719662081E-09
    1.677610477E+02   -4.612816131E+00   -2.055174796E-09   -2.800486658E+00    4.331237703E-09
    1.679495433E+02   -4.737734868E+00   -1.564251843E-09   -2.522962020E+00    3.546512692E-09
    1.681380388E+02   -4.853250044E+00   -1.744562817E-09   -2.283974931E+00    3.351112133E-09
    1.683265344E+02   -4.988029639E+00   -1.986605408E-09   -2.025976954E+00    4.007246318E-09
    1.685150299E+02   -5.121368140E+00   -1.659340336E-09   -1.712699186E+00    4.740530371E-09
    1.687035255E+02   -5.213063903E+00   -8.940149223E-10   -1.373641876E+00    4.671399573E-09
    1.688920211E+02   -5.255783023E+00   -3.753491523E-10   -1.069878892E+00    3.867296328E-09
    1.690805166E+02   -5.282833231E+00   -4.428654368E-10   -8.211621561E-01    3.280319276E-09
    1.692690122E+02   -5.324851489E+00   -7.023622611E-10   -5.820256445E-01    3.603520541E-09
    1.694575077E+02   -5.372558762E+00   -5.457767868E-10   -2.964989491E-01    4.434293071E-09
    1.696460033E+02   -5.390376895E+00    8.879354908E-11    3.536621402E-02    4.777891253E-09
    1.698344989E+02   -5.363015413E+00    6.369485663E-10    3.585848610E-01    4.235526195E-09
    1.700229944E+02   -5.315175537E+00    6.571800498E-10    6.292717165E-01    3.463250912E-09
    1.702114900E+02   -5.278543535E+00    4.040913266E-10    8.666361203E-01    3.383125772E-09
    1.703999855E+02   -5.250469041E+00    4.826748338E-10    1.129160674E+00    4.079023223E-09
    1.705884811E+02   -5.196786035E+00    1.090971837E-09    1.444581022E+00    4.713734279E-09
    1.707769766E+02   -5.094478567E+00    1.758789270E-09    1.778249597E+00    4.553556498E-09
    1.709654722E+02   -4.961351677E+00    1.929352598E-09    2.075988780E+00    3.822930604E-09
    1.711539678E+02   -4.833237885E+00    1.695677908E-09    2.328056760E+00    3.398681208E-09
    1.713424633E+02   -4.716556669E+00    1.695613162E-09    2.578276486E+00    3.756056495E-09
    1.715309589E+02   -4.577625013E+00    2.309102531E-09    2.869565769E+00    4.416039785E-09
    1.717194544E+02   -4.382260865E+00    3.181924777E-09    3.192508907E+00    4.548579849E-09
    1.719079500E+02   -4.137529111E+00    3.632195753E-09    3.497935161E+00    3.973794984E-09
    1.720964456E+02   -3.883680470E+00    3.497257096E-09    3.755401615E+00    3.326110643E-09
    1.722849411E+02   -3.643186632E+00    3.372997977E-09    3.985497021E+00    3.248999139E-09
    1.724734367E+02   -3.389965364E+00    3.885698134E-09    4.229636365E+00    3.633517048E-09
    1.726619322E+02   -3.078467270E+00    4.914716369E-09    4.496663929E+00    3.779112597E-09
    1.728504278E+02   -2.697775744E+00    5.717237866E-09    4.750903515E+00    3.264192321E-09
    1.730389234E+02   -2.285821650E+00    5.799706005E-09    4.954227903E+00    2.438217728E-09
    1.732274189E+02   -1.885099851E+00    5.524036785E-09    5.107777912E+00    1.931035879E-09
    1.734159145E+02   -1.491637060E+00    5.686213036E-09    5.242254140E+00    1.859986360E-09
    1.736044100E+02   -1.059919951E+00    6.543793452E-09    5.372542855E+00    1.717574113E-09
    1.737929056E+02   -5.589247830E-01    7.488536336E-09    5.474268713E+00    1.024116541E-09
    1.739814012E+02   -1.233643655E-02    7.752166519E-09    5.510542510E+00   -5.917913181E-11
    1.741698967E+02    5.245898027E-01    7.294348443E-09    5.474519224E+00   -9.406838731E-10
    1.743583923E+02    1.024137747E+00    6.830355219E-09    5.392610029E+00   -1.371136648E-09
    1.745468878E+02    1.511246610E+00    6.965179302E-09    5.284825287E+00   -1.750682139E-09
    1.747353834E+02    2.025168089E+00    7.465518187E-09    5.134786892E+00   -2.591444660E-09
    1.749238790E+02    2.564161478E+00    7.543015008E-09    4.908237329E+00   -3.833348897E-09
    1.751123745E+02    3.079125545E+00    6.791195582E-09    4.597941937E+00   -4.854005499E-09
    1.753008701E+02    3.522165707E+00    5.634222090E-09    4.238929956E+00   -5.201790096E-09
    1.754893656E+02    3.890836671E+00    4.783042959E-09    3.872568650E+00   -5.150327940E-09
    1.756778612E+02    4.217122678E+00    4.400483774E-09    3.503787306E+00   -5.328331396E-09
    1.758663567E+02    4.518020121E+00    3.961420478E-09    3.106934645E+00   -5.875534457E-09
    1.760548523E+02    4.768159538E+00    2.930899550E-09    2.675222001E+00   -6.174654244E-09
    1.762433479E+02    4.925052795E+00    1.405864208E-09    2.255509489E+00   -5.470216734E-09
    1.764318434E+02    4.972255586E+00   -6.456695196E-11    1.928039178E+00   -3.634150117E-09
    1.766203390E+02    4.928012979E+00   -1.142128412E-09    1.756063927E+00   -1.188832036E-09
    1.768088345E+02    4.818825983E+00   -1.918406715E-09    1.760572029E+00    1.284600310E-09
    1.769973301E+02    4.659535701E+00   -2.581302666E-09    1.929004824E+00    3.412033772E-09
    1.771858257E+02    4.457022236E+00   -3.170317750E-09    2.223971471E+00    4.853034609E-09
    1.773743212E+02    4.217658198E+00   -3.679287343E-09    2.588216553E+00    5.415228777E-09
    1.775628168E+02    3.943130512E+00   -4.227346506E-09    2.966436302E+00    5.334845085E-09
    1.777513123E+02    3.623872576E+00   -4.972862974E-09    3.330403827E+00    5.074826646E-09
    1.779398079E+02    3.246962493E+00   -5.844645961E-09    3.677229370E+00    4.844557976E-09
    1.781283035E+02    2.814667245E+00   -6.526744223E-09    4.004956619E+00    4.488968974E-09
    1.783167990E+02    2.349283462E+00   -6.808892510E-09    4.298008948E+00    3.834833255E-09
    1.785052946E+02    1.873784194E+00   -6.863676579E-09    4.536880931E+00    2.960027708E-09
    1.786937901E+02    1.391675520E+00   -7.013362648E-09    4.713271124E+00    2.075732699E-09
    1.788822857E+02    8.933860344E-01   -7.284897161E-09    4.831730574E+00    1.306690768E-09
    1.790707813E+02    3.804253930E-01   -7.382169303E-09    4.900631779E+00    6.377888295E-10
    1.792592768E+02   -1.263531645E-01   -7.105497951E-09    4.924702994E+00    2.893884369E-12
    1.794477724E+02   -6.056233256E-01   -6.632306703E-09    4.904046734E+00   -6.451522213E-10
    1.796362679E+02   -1.055327286E+00   -6.277489333E-09    4.837092947E+00   -1.304779393E-09
    1.798247635E+02   -1.487466867E+00   -6.097681844E-09    4.725408453E+00   -1.902481877E-09
    1.800132591E+02   -1.906837770E+00   -5.865450927E-09    4.577183966E+00   -2.342940495E-09
    1.802017546E+02   -2.302324391E+00   -5.404610812E-09    4.404411646E+00   -2.618564979E-09
    1.803902502E+02   -2.660233689E+00   -4.819044443E-09    4.214571109E+00   -2.847407748E-09
    1.805787457E+02   -2.980087497E+00   -4.338890591E-09    4.006061545E+00   -3.146349995E-09
    1.807672413E+02   -3.273040656E+00   -4.035822600E-09    3.774499523E+00   -3.477943048E-09
    1.809557368E+02   -3.547196507E+00   -3.768626935E-09    3.523109136E+00   -3.690986749E-09
    1.811442324E+02   -3.799177928E+00   -3.389006158E-09    3.263522087E+00   -3.719648640E-09
    1.813327280E+02   -4.020876806E+00   -2.920453468E-09    3.004948378E+00   -3.685891010E-09
    1.815212235E+02   -4.210805553E+00   -2.503346124E-09    2.745314029E+00   -3.755699632E-09
    1.817097191E+02   -4.376114942E+00   -2.217425478E-09    2.476279983E+00   -3.929785374E-09
    1.818982146E+02   -4.524562598E+00   -2.002610179E-09    2.196057502E+00   -4.047172317E-09
    1.820867102E+02   -4.657137073E+00   -1.749844853E-09    1.913472583E+00   -3.997795543E-09
    1.822752058E+02   -4.769398138E+00   -1.428271292E-09    1.637974249E+00   -3.869924341E-09
    1.824637013E+02   -4.858361651E+00   -1.101499515E-09    1.368552033E+00   -3.839189293E-09
    1.826521969E+02   -4.926505093E+00   -8.425083962E-10    1.095882652E+00   -3.946141501E-09
    1.828406924E+02   -4.979219099E+00   -6.537339260E-10    8.147792480E-01   -4.051356618E-09
    1.830291880E+02   -5.019467360E+00   -4.738588746E-10    5.308894840E-01   -4.019425416E-09
    1.832176836E+02   -5.045608238E+00   -2.475195649E-10    2.533240404E-01   -3.892341521E-09
    1.834061791E+02   -5.054012187E+00    2.327419408E-11   -1.693280053E-02   -3.830749356E-09
    1.835946747E+02   -5.043220423E+00    2.886704485E-10   -2.879783442E-01   -3.907211445E-09
    1.837831702E+02   -5.015401386E+00    5.071819356E-10   -5.665386173E-01   -4.019804258E-09
    1.839716658E+02   -4.973809755E+00    6.906752165E-10   -8.497343770E-01   -4.028121459E-09
    1.841601614E+02   -4.918995481E+00    8.941037824E-10   -1.129268594E+00   -3.930605370E-09
    1.843486569E+02   -4.847692524E+00    1.160536243E-09   -1.402059736E+00   -3.856533672E-09
    1.845371525E+02   -4.755698008E+00    1.474099646E-09   -1.673583398E+00   -3.894313188E-09
    1.847256480E+02   -4.641833458E+00    1.776281432E-09   -1.950204962E+00   -3.982238097E-09
    1.849141436E+02   -4.508486883E+00    2.034040304E-09   -2.230769213E+00   -3.993092473E-09
    1.851026391E+02   -4.357787452E+00    2.284116502E-09   -2.507933206E+00   -3.893662921E-09
    1.852911347E+02   -4.187623536E+00    2.596686631E-09   -2.776735936E+00   -3.772596083E-09
    1.854796303E+02   -3.992455584E+00    2.991352305E-09   -3.039081010E+00   -3.714044416E-09
    1.856681258E+02   -3.768461649E+00    3.408128860E-09   -3.298979169E+00   -3.689559717E-09
    1.858566214E+02   -3.516918499E+00    3.777230580E-09   -3.555332146E+00   -3.599483117E-09
    1.860451169E+02   -3.241373112E+00    4.106854792E-09   -3.801342426E+00   -3.396304112E-09
    1.862336125E+02   -2.941840650E+00    4.475391242E-09   -4.030354459E+00   -3.126373967E-09
    1.864221081E+02   -2.613512208E+00    4.927915735E-09   -4.240094836E+00   -2.851783417E-09
    1.866106036E+02   -2.252124480E+00    5.408082057E-09   -4.430539417E+00   -2.567853561E-09
    1.867990992E+02   -1.859415645E+00    5.818892965E-09   -4.599118330E+00   -2.215712162E-09
    1.869875947E+02   -1.441589077E+00    6.138079227E-09   -4.739412573E+00   -1.755634231E-09
    1.871760903E+02   -1.002763352E+00    6.434722735E-09   -4.844049954E+00   -1.200501742E-09
    1.873645859E+02   -5.422284515E-01    6.760456702E-09   -4.907629824E+00   -5.855447139E-10
    1.875530814E+02   -5.937175617E-02    7.061624643E-09   -4.926910168E+00    6.907236725E-11
    1.877415770E+02    4.402280227E-01    7.232078052E-09   -4.899327012E+00    7.630859645E-10
    1.879300725E+02    9.456255317E-01    7.234453776E-09   -4.821930395E+00    1.502157867E-09
    1.881185681E+02    1.446880553E+00    7.124563853E-09   -4.691434684E+00    2.285136920E-09
    1.883070637E+02    1.938325754E+00    6.952885597E-09   -4.505437859E+00    3.086958744E-09
    1.884955592E+02    2.414979628E+00    6.687715577E-09   -4.264654910E+00    3.847638036E-09
