   0.0000000000000000       -5.3468498000000002        0.0000000000000000        0.0000000000000000        3.5200690861170125E-009
   3.0000000447034835E-002  -5.3467057478760864        2.5640584175689639E-011   3.9550996773736836E-002   3.5200024636937035E-009
   6.0000000894069670E-002  -5.3462737030560090        5.1259228316538840E-011   7.9100510846834407E-002   3.5198066311651949E-009
   9.0000001341104502E-002  -5.3455540307892830        7.6835070727799735E-011  0.11864715637641136        3.5194947469859413E-009
  0.12000000178813934       -5.3445473195440991        1.0234941056486023E-010  0.15818974235892166        3.5190882325107296E-009
  0.15000000223517418       -5.3432543511257791        1.2778668871483801E-010  0.19772736150461465        3.5186160195135781E-009
  0.18000000268220900       -5.3416760603929569        1.5313535284048856E-010  0.23725946914323989        3.5181135333512637E-009
  0.21000000312924380       -5.3398134860568396        1.7838857467045287E-010  0.27678594938046974        3.5176214469746594E-009
  0.24000000357627868       -5.3376677143781004        2.0354479304703139E-010  0.31630716616587740        3.5171842489204720E-009
  0.27000000402331348       -5.3352398178383851        2.2860806263874021E-010  0.35582399745559257        3.5168486748488624E-009
  0.30000000447034836       -5.3325307910497157        2.5358819535427197E-010  0.39533785123784476        3.5166620569055721E-009
  0.33000000491738318       -5.3295414862683526        2.7850068909457430E-010  0.43485066281718199        3.5166706480163231E-009
  0.36000000536441801       -5.3262725508961735        3.0336644627197128E-010  0.47436487340144712        3.5169179790681583E-009
  0.39000000581145289       -5.3227243692819046        3.2821129222540583E-010  0.51388339068209343        3.5174433057670412E-009
  0.42000000625848760       -5.3188970109790317        3.5306531098903633E-010  0.55340953272067650        3.5182801988239593E-009
  0.45000000670552243       -5.3147901873828296        3.7796202256202368E-010  0.59294695703077149        3.5194553261218537E-009
  0.48000000715255736       -5.3104032183640006        4.0293743163984822E-010  0.63249957725511941        3.5209874688270744E-009
  0.51000000759959219       -5.3057350101521488        4.2802898249222495E-010  0.67207147026478331        3.5228868052646305E-009
  0.54000000804662696       -5.3007840453119073        4.5327445814103244E-010  0.71166677683570112        3.5251544870605338E-009
  0.57000000849366184       -5.2955483852127250        4.7871086407865948E-010  0.75128959927686434        3.5277825218918684E-009
  0.60000000894069672       -5.2900256849363281        5.0437333739859894E-010  0.79094389948592636        3.5307539665307989E-009
  0.63000000938773149       -5.2842132201099732        5.3029412136186456E-010  0.83063340088885351        3.5340434230944619E-009
  0.66000000983476637       -5.2781079247155276        5.5650164312400201E-010  0.87036149758109904        3.5376178208947437E-009
  0.69000001028180125       -5.2717064385199199        5.8301972867828311E-010  0.91013117373361829        3.5414374563873561E-009
  0.72000001072883602       -5.2650051624163581        6.0986698415945762E-010  0.94994493596684737        3.5454572547932782E-009
  0.75000001117587090       -5.2580003196709582        6.3705636667214479E-010  0.98980476094218994        3.5496282093182228E-009
  0.78000001162290578       -5.2506880208468525        6.6459496096981307E-010   1.0297120598894989        3.5538989477927980E-009
  0.81000001206994054       -5.2430643300358630        6.9248397085699673E-010   1.0696676611991125        3.5582173722083917E-009
  0.84000001251697520       -5.2351253299717619        7.2071892638463400E-010   1.1096718115788093        3.5625323141806410E-009
  0.87000001296401008       -5.2268671836313860        7.4929010003640798E-010   1.1497241956315214        3.5667951489155226E-009
  0.90000001341104485       -5.2182861900496960        7.7818311744641067E-010   1.1898239730712270        3.5709613117951392E-009
  0.93000001385807984       -5.2093788322781371        8.0737974102429769E-010   1.2299698321843653        3.5749916651831073E-009
  0.96000001430511472       -5.2001418156954911        8.3685879845554851E-010   1.2701600575834828        3.5788536683478067E-009
  0.99000001475214960       -5.1905720952267549        8.6659722262871734E-010   1.3103926098080978        3.5825223103268190E-009
   1.0200000151991844       -5.1806668904264086        8.9657116532142114E-010   1.3506652139218425        3.5859807738626452E-009
   1.0500000156462193       -5.1704236878230008        9.2675714411215067E-010   1.3909754539487784        3.5892208079358604E-009
   1.0800000160932539       -5.1598402303867132        9.5713318058823738E-010   1.4313208697957751        3.5922427965774245E-009
   1.1100000165402888       -5.1489144944533791        9.8767988804878348E-010   1.4716990532285454        3.5950555222019648E-009
   1.1400000169873237       -5.1376446549002086        1.0183814685585399E-009   1.5121077395088622        3.5976756323002905E-009
   1.1700000174343586       -5.1260290398032460        1.0492265823399713E-009   1.5525448914579107        3.6001268285937824E-009
   1.2000000178813934       -5.1140660761984593        1.0802090569874528E-009   1.5930087729799887        3.6024388073301138E-009
   1.2300000183284283       -5.1017542289026370        1.1113284096897753E-009   1.6334980094521723        3.6046459879580626E-009
   1.2600000187754630       -5.0890919346147818        1.1425901623505032E-009   1.6740116328460251        3.6067860746642582E-009
   1.2900000192224979       -5.0760775337032529        1.1740059369570578E-009   1.7145491099807153        3.6088985009385098E-009
   1.3200000196695327       -5.0627092021817575        1.2055933264984410E-009   1.7551103528943688        3.6110228112630036E-009
   1.3500000201165674       -5.0489848863843232        1.2373755448787058E-009   1.7956957109415572        3.6131970360618811E-009
   1.3800000205636025       -5.0349022427652415        1.2693808673222904E-009   1.8363059448578944        3.6154561161347665E-009
   1.4100000210106372       -5.0204585850772725        1.3016418804243105E-009   1.8769421836557612        3.6178304309318423E-009
   1.4400000214576720       -5.0056508409261768        1.3341945679861974E-009   1.9176058658065711        3.6203444812778204E-009
   1.4700000219047069       -4.9904755193709427        1.3670772648390872E-009   1.9582986667042566        3.6230157716517955E-009
   1.5000000223517418       -4.9749286908484178        1.4003295157744485E-009   1.9990224148731921        3.6258539300740457E-009
   1.5300000227987767       -4.9590059802625372        1.4339908802938188E-009   2.0397789997654017        3.6288600952879601E-009
   1.5600000232458116       -4.9427025736074812        1.4680997260257321E-009   2.0805702742736050        3.6320265915490266E-009
   1.5900000236928464       -4.9260132380078163        1.5026920542587691E-009   2.1213979552588302        3.6353369012719889E-009
   1.6200000241398811       -4.9089323545744525        1.5378004000797776E-009   2.1622635254482581        3.6387659353941570E-009
   1.6500000245869157       -4.8914539630104166        1.5734528471168924E-009   2.2031681399989491        3.6422805909510868E-009
   1.6800000250339504       -4.8735718164718316        1.6096721929519463E-009   2.2441125408485640        3.6458405753925974E-009
   1.7100000254809855       -4.8552794448125791        1.6464752960224129E-009   2.2850969816914630        3.6493994679404342E-009
   1.7400000259280202       -4.8365702240296962        1.6838726284608558E-009   2.3261211660379031        3.6529059801253446E-009
   1.7700000263750553       -4.8174374494919974        1.7218680520420779E-009   2.3671842003489516        3.6563053708249191E-009
   1.8000000268220897       -4.7978744103855648        1.7604588264794392E-009   2.4082845637067556        3.6595409658900790E-009
   1.8300000272691246       -4.7778744627523304        1.7996358510109071E-009   2.4494200948977980        3.6625557289773806E-009
   1.8600000277161597       -4.7574310985345525        1.8393841318348007E-009   2.4905879971762257        3.6652938286137240E-009
   1.8900000281631943       -4.7365380081678046        1.8796834597931614E-009   2.5317848603567827        3.6677021468598432E-009
   1.9200000286102294       -4.7151891344839454        1.9205092750480883E-009   2.5730066992838911        3.6697316771915737E-009
   1.9500000290572641       -4.6933787159863209        1.9618336886296046E-009   2.6142490071561735        3.6713387632976884E-009
   1.9800000295042992       -4.6711013179316847        2.0036266249020504E-009   2.6555068216738591        3.6724861362503714E-009
   2.0100000299513341       -4.6483518500842997        2.0458570444150569E-009   2.6967748015378263        3.6731437147305270E-009
   2.0400000303983687       -4.6251255704822469        2.0884942034469598E-009   2.7380473104786076        3.6732891414252141E-009
   2.0700000308454034       -4.6014180750574356        2.1315089049356728E-009   2.7793185057434275        3.6729080380574063E-009
   2.1000000312924385       -4.5772252734613694        2.1748746954934975E-009   2.8205824278275959        3.6719939714263857E-009
   2.1300000317394732       -4.5525433519501206        2.2185689648282533E-009   2.8618330882078937        3.6705481329799641E-009
   2.1600000321865078       -4.5273687246561449        2.2625739070968928E-009   2.9030645519204437        3.6685787444497568E-009
   2.1900000326335429       -4.5016979750043804        2.3068773083935722E-009   2.9442710120204745        3.6661002116075931E-009
   2.2200000330805776       -4.4755277893997825        2.3514731305638407E-009   2.9854468532591043        3.6631320569127701E-009
   2.2500000335276127       -4.4488548856094274        2.3963618686321130E-009   3.0265867027018012        3.6596976694147034E-009
   2.2800000339746473       -4.4216759384735109        2.4415506670820885E-009   3.0676854654805945        3.6558229164929739E-009
   2.3100000344216824       -4.3939875056979085        2.4870531887574059E-009   3.1087383444005847        3.6515346666455155E-009
   2.3400000348687171       -4.3657859565016608        2.5328892389490450E-009   3.1497408426921178        3.6468592754212485E-009
   2.3700000353157518       -4.3370674058145378        2.5790841559911416E-009   3.1906887497929768        3.6418210876429962E-009
   2.4000000357627869       -4.3078276565449691        2.6256679880835710E-009   3.2315781106392545        3.6364410082515243E-009
   2.4300000362098215       -4.2780621521728781        2.6726744837942222E-009   3.2724051795183580        3.6307351914590404E-009
   2.4600000366568566       -4.2477659415743219        2.7201399304870716E-009   3.3131663600729033        3.6247138935304252E-009
   2.4900000371038913       -4.2169336575673535        2.7681018805264034E-009   3.3538581335214661        3.6183805285729552E-009
   2.5200000375509259       -4.1855595101957395        2.8165978093187716E-009   3.3944769775648123        3.6117309594243816E-009
   2.5500000379979610       -4.1536372952556322        2.8656637519170988E-009   3.4350192787605898        3.6047530473449820E-009
   2.5800000384449957       -4.1211604180380004        2.9153329659258492E-009   3.4754812413648297        3.5974264750395704E-009
   2.6100000388920304       -4.0881219317255146        2.9656346677709920E-009   3.5158587957478922        3.5897228478846365E-009
   2.6400000393390655       -4.0545145893653602        3.0165928870520566E-009   3.5561475094922677        3.5816060684540508E-009
   2.6700000397861001       -4.0203309078577432        3.0682254797532896E-009   3.5963425041704178        3.5730329698681389E-009
   2.7000000402331348       -3.9855632419707572        3.1205433356911128E-009   3.6364383805868359        3.5639541844710769E-009
   2.7300000406801699       -3.9502038660311514        3.1735498089009444E-009   3.6764291549577832        3.5543152161863446E-009
   2.7600000411272050       -3.9142450606605683        3.2272403919483838E-009   3.7163082081059633        3.5440576778947193E-009
   2.7900000415742396       -3.8776792017381552        3.2816026466557592E-009   3.7560682492801640        3.5331206495674980E-009
   2.8200000420212743       -3.8404988486802276        3.3366163947597518E-009   3.7957012956883256        3.5214421088640762E-009
   2.8500000424683094       -3.8026968291395047        3.3922541628728285E-009   3.8351986682753525        3.5089603836051826E-009
   2.8800000429153441       -3.7642663173404980        3.4484818671298433E-009   3.8745510037040973        3.4956155750373706E-009
   2.9100000433623787       -3.7252009034803133        3.5052597143776496E-009   3.9137482819296592        3.4813509021227159E-009
   2.9400000438094138       -3.6854946519286140        3.5625432890105931E-009   3.9527798682137192        3.4661139201670349E-009
   2.9700000442564480       -3.6451421463464118        3.6202847878438593E-009   3.9916345679260981        3.4498575718251046E-009
   3.0000000447034836       -3.6041385202977145        3.6784343599905859E-009   4.0303006920428315        3.4325410347174760E-009
